"","EGFR","Hypoxia","JAK.STAT","MAPK","NFkB","PI3K","TGFb","TNFa","Trail","VEGF","p53"
"909744",-0.161360400206796,-1.26395690839477,-1.52118676094183,1.9043700238009,-1.74080366765676,-0.442697418112755,-2.12790199547399,-1.87786640909942,-1.86908532983172,-1.56222516994056,-0.811009526606559
"910922",0.727417698343571,-1.3555309709931,-1.09744406016635,1.29829670658842,-1.13473463865346,1.06986734622238,-0.76025951000728,-1.38461329014597,-1.66250898934592,-0.823517359570895,0.124754380204603
"905947",2.28058775059563,1.03501558764201,-0.543220176362356,1.6635682149771,-0.207492931160522,-1.22967503030111,-0.789197064648887,0.430214456316516,1.24205383186647,0.448977249236888,-1.33708806801043
"905948",-1.00065001413987,0.733697172427014,-0.0829148110198597,-1.53805716340332,-0.438309276885839,0.124236520127158,1.83281468732043,-0.48487867601875,0.347754904430823,-0.770692698600883,1.20077605681004
"910920",-0.418078320473859,2.29577147318929,2.00187627837317,-0.436048199353278,0.664219536184968,-0.149065700793715,0.289035867236601,0.237467258149625,-0.53610152660557,-0.50741123807418,0.353059779979709
"905950",-1.29217899781886,-0.529704326362843,-0.266686425910301,-0.87651589851243,-0.201514766561689,-1.14014044549994,-1.36944348869551,-0.598136404429784,0.115992358164267,-0.951909098817194,1.53858857997907
"753533",-0.586458237012711,1.62757135538529,-0.149099233668231,-0.534834259203942,0.941911362211818,-1.225772455774,0.606346322245915,1.22756581567174,0.290414515348788,0.347120457269422,-0.543616703400345
"910698",0.743895136099608,-0.118609715935206,-0.568170826529454,0.841797140325048,0.899633344283899,-0.0983592395906955,0.284558179098926,0.546383339014706,1.98014130268228,0.099356606687153,-1.2773495948329
"905963",-0.595130860917008,0.224389121212644,-0.209819622287709,-0.887303225355364,-0.045676173299249,-0.359252219819746,0.74905379318922,0.150957126912874,-0.949687336845052,-0.43418505988187,0.800418223937032
"910952",1.53685821402322,-0.883565027332194,-0.464395312306276,1.14870970435597,0.70990319775826,-0.824280228014742,-0.356173534348438,0.950709407463655,-0.373505475324344,2.27245734744392,1.37618012380553
"907299",0.488512127642748,-1.16340726920806,-1.51300401822827,0.493274358045387,-2.06291194157458,-2.72697582683832,-0.37355834865937,-2.0948658524427,-1.5843312563008,0.0348094663391601,0.726137688883177
"753558",-0.539613927478405,-0.637864115539304,1.92066425068745,-0.640982200948875,0.129877980798601,0.818574872181763,0.66044566858864,0.13319010236186,-0.0850576876967222,-0.631769550463254,1.51497169196793
"1298168",-0.484521142844089,0.0247152620903998,0.849532480028981,-1.31131772924559,2.18610836563808,-0.300045218776052,1.2576629898066,1.8530755734042,0.0435292182489637,0.0719245118263793,0.579948348723713
"1298169",1.16844492867215,-0.329060986369628,0.769093966488316,0.830941409651234,-0.745117255047164,-0.344609781862547,0.0706956267240022,-0.342840459557098,-0.323228046936544,-0.497167839687858,-0.926733723950774
"753577",0.941477121637854,-0.843794828869118,-0.471706642404934,0.0225803666353874,2.19278001639151,0.69274299590013,0.604706097030215,2.43414642218382,-0.892648249117374,-0.734672068583307,-0.888578312226487
"753578",-0.252663168137664,-0.295308283607513,0.132843351228786,-1.19904896550797,0.389345213666261,-0.627092803877266,-0.737643123444439,0.353138049619735,-0.464960256291057,-0.712127906292566,1.19813778696876
"753585",0.911474645518994,-1.20716259550385,-0.376496472644423,1.20266644700749,0.26531036769338,-0.418015568955832,-1.13632240198358,0.731793018487552,0.0646242866457703,0.409511151296321,0.595198666557102
"1509073",-0.261204588022607,-0.355765234027307,1.73529757142432,0.188269728703375,-0.196851720706466,1.66574994453146,0.929261919733468,0.338824094101071,1.20215017623345,-0.557819212078912,-1.33200486659226
"1509074",0.134765509890316,0.785415600928304,-0.122565490875721,1.03678292750372,-0.960741560262248,0.34634639449459,0.917821441377683,-1.20863842807026,-0.520420727184206,-0.282975253010209,-1.43820679671629
"909250",-0.979263439001092,0.597113500407737,-0.148573219660849,-0.610280047058777,0.455564984808724,0.714470383357711,-0.48448489150711,0.653617443615388,0.554040368308964,-1.19597024203091,0.426197482316572
"909974",-1.87872337540233,1.50432561024032,-0.735212888221239,-1.54868725968269,-0.206935635826614,-0.263456009623271,2.41073478617204,-0.300342969812628,-0.850525601692871,1.0370986129689,0.733184124258673
"1524418",-1.13554365722084,-1.39899333711045,1.93007489370319,-0.966384168437082,-0.40347513985366,-0.26974733992904,-1.43738717782532,-0.620057686232881,-0.113602010585682,-1.16737805571168,0.440387759957077
"1524417",-0.680607317914357,1.75905703389732,0.915683733574053,0.0295650060688315,-0.0131057739079796,-0.816723305143295,-0.0748842475378918,-0.178099833079339,1.74882374753111,-1.17228076223807,-0.339410026101443
"1524414",-0.61694171768753,0.809030818878947,-0.0688562643719648,-0.850302278128229,-0.348767807317588,0.634051558493652,0.176083356991551,-0.209905095062257,0.81563680545902,0.237393688070622,-0.13982632178054
"1524415",-0.813004689776255,-0.38214895328073,-0.6469089831591,0.233169353989936,-0.836269091700868,0.257468823722913,0.860144325798158,-0.841966974389889,-1.55030546695847,-0.438357241597326,0.221563318703645
"1524416",-0.35091977805307,0.53782767395857,-0.52770805474334,0.649855119093536,-0.561097106092055,-0.0305408147593106,-0.669530088013586,-0.683155962657938,1.14846005693741,1.22118120887541,0.120090703469287
"1524419",-0.739920759005219,1.28924574367423,-0.292522244422619,-1.80522050835149,0.201543548968926,0.116136645438401,-0.416264096098191,0.503934208715066,-0.104519222771625,-0.477721244411039,0.808568337845748
"905978",1.63874819809888,0.928279517500782,2.12952600959697,0.836563341867141,0.765937138247241,1.86223800630803,-0.343822045365891,0.881829844637905,2.03971495489855,0.660981541595311,-1.28393397434214
"905979",1.6569684423498,-0.894896821743316,-0.43365118752825,1.11292470982236,-1.14876644928534,1.21051542566482,-1.50164155822822,-0.888064959454472,0.248755868487908,2.36218326812495,-1.7972054923636
"1240220",-0.0635299210557169,-0.0900766452629988,-0.768799982612226,-0.461294779370365,-0.688060360563848,1.21652018584571,-0.399396256031165,-0.717344404293665,0.465706063400146,-0.55814995132804,0.0892391485882468
"905980",0.56146115240661,-1.06479428540565,-0.727094847889323,0.61814719722005,-0.306699475409521,0.678865632393668,0.395146246105221,-0.327092340345825,0.0684818847928116,0.672942773212003,-0.918920570623869
"905981",-0.186263569319788,-0.705319330581429,-0.281618253559005,-0.0847193555299851,1.42866560867135,-1.67153175759227,-0.312952085334132,1.5031578154714,0.584159823186471,1.780354764997,1.04921937668123
"1240224",1.35150558886584,-0.557273917280791,0.789647920131686,0.396795041731138,1.83911430817193,-0.12652908139077,-0.291491691162,0.621782367340775,-0.0370045767999077,1.73543288227195,0.737987543635388
"909781",-1.10553863265716,-0.0742219186246162,-1.15658467572328,-0.757280759297673,-0.822584201729487,1.65672551197231,1.53784229694634,-0.793916598375032,-1.04294840633531,0.0846044221033466,-1.60072514572493
