"","EGFR","Hypoxia","JAK.STAT","MAPK","NFkB","PI3K","TGFb","TNFa","Trail","VEGF","p53"
"1290795",3.27958693699041,-0.107068697558348,1.67144964180665,3.65701141021842,1.4758860606553,0.860586370584479,0.273760927248498,1.7504453510713,1.36717939508552,0.462381165053128,0.348693263922835
"909717",0.911238788459224,-0.093969297049133,1.99837732632366,1.53728133717566,1.94121889921245,-0.498260404051281,0.690697311674829,2.81225662605091,-0.271686041634072,-0.626808889328633,0.698340912878162
"1290765",0.949782509094529,2.03706205440711,0.372741153529829,0.238398738959774,1.12975023039748,0.877484020361672,1.93266547391472,0.456619239033539,2.16745407905069,0.615493079572538,-0.278719925928062
"1303912",1.57701420434763,2.32758296558425,-0.81551251195396,1.48781976320066,0.17798399959762,1.55373526904623,1.05600219125395,-0.265365548855845,0.409755697950609,1.20847110832334,-0.182168126660003
"907290",0.0517437149733599,-0.807119349915451,-0.35107259227015,0.465999192299091,0.137872702993934,-0.72137479073125,-0.960492408092524,-0.52981795730527,1.02511656895864,1.07537728746064,2.27480814095034
"753539",-0.498963803592498,-0.285464053513861,-1.12282640418848,0.298336780981105,-1.036261631847,-1.73033665086389,-2.01395297163056,-0.716822979533671,-0.326223037612602,0.281592808909415,1.65587086816337
"949158",0.25252026368652,-0.37840790347914,-0.544545175359075,0.240198932744851,0.506237095073551,-0.863947861894941,-0.368004247006065,0.560980243439605,-0.375789785295745,-0.29814271179186,0.385552150398689
"684055",-0.621502860250096,-0.87808043496154,-1.18031427217697,-0.549466726571853,-0.740267707900313,-0.671811286466983,-1.48491463173273,-0.922668368538539,-1.41439562073735,-1.13244194311767,0.0275627436977676
"949156",-0.361777718869143,-0.404049961111898,0.465486025799299,-0.634134935578655,-0.459512543836793,-1.75110282271857,-1.48208238875815,-0.540246878804728,0.642382473174428,-0.435878137307648,2.30737872254988
"684057",-1.70608236328306,-0.924383062411519,-0.623803815508723,-1.34814461281999,-0.832845944068493,-1.2694586854653,-0.794597643303262,-0.447475459809606,0.113454975366997,-0.00359476749170059,-0.889004415624231
"949157",0.151828427572098,-0.300335242982776,-0.185149859988489,0.0723405468211803,-0.243799443132801,0.102848633969208,-0.698835912432676,-0.727566838549485,-1.83706078753076,0.747061594930577,-0.786993271530918
"684059",-0.556842650003954,-0.406692027312934,0.260591111137108,-0.526415679514272,1.37044238053166,-1.24592872470659,0.835149673846508,0.882084248226876,-0.0316367224382019,-0.824997498394153,0.0748305658189207
"949155",-0.177660111757016,-0.799217203968705,-0.322034934390368,-0.598495121235983,-0.858035887809825,0.781313787340891,-0.0684224735610688,-0.829448095876529,-0.549838682303325,-0.797944220816504,-0.0478353868090792
"949163",-1.02681231082692,-0.626465659920228,-0.324268411221266,-1.10030570699896,0.0789895423898367,-1.24198118708235,-0.436369686464054,0.189804119569158,-0.532897471446912,-0.673958429340877,0.229762376807905
"684062",-0.568930484358009,-0.768742084261081,-0.784706024966881,-0.00484191621234336,-0.817742815270626,0.781093807901704,-1.12376806235859,-1.01543597797641,-2.15586157586635,-0.767055069581643,-0.767154898605849
"949162",-1.03405154941814,-1.03395299806636,-0.949770289220739,-0.704122555907098,-0.210014732966286,-0.331645793348464,-0.569204752287784,-0.225972503291711,-0.00410990653843198,-0.39616085898077,-0.665332351210516
"949166",0.152113905414883,-0.246266445304444,-0.365710002791226,0.0343169789308872,-0.0864478344676711,0.0213696229806053,-0.663450188254148,-0.831823110556335,0.509827637283107,-2.05798231150214,-1.00618786111171
"949165",-0.118708969710069,-0.883223802107236,0.208545100595641,0.0768470625723977,-0.0519170857349558,-0.143783949169479,0.457776729424254,-0.404208828775786,-0.97224181686207,-0.280233541714669,-0.195475965988245
"949164",-0.24301335486041,0.160378663828283,-1.40347083173629,0.0655697004188261,-0.855264633837733,0.0975413806165772,-0.554062402857955,-0.799830273981974,-0.431472302227602,-0.913540547267888,-0.900394508830549
"949167",-1.29154034831957,-0.946323508078656,-1.11046724416243,-1.01046568919181,-0.568356510089597,0.299068519774685,-0.322486616703293,-0.604091056829873,-0.305760263127154,-0.674045558351184,-1.22380106572757
"949168",-0.0289558144250601,-0.663607985812462,-0.075841712094794,-0.656722586413232,-0.0534097553491595,-0.0652706935515177,-0.574773880303077,-0.223151012795566,-0.0490365799810354,-1.094101882305,-0.0668521669273726
"949161",-0.663368841863087,-0.69641429365648,-0.33441751390846,-0.321474064754737,-0.595728989585754,-0.703055192954028,-0.977777836299626,-0.740780350061939,0.0189830805139958,-0.807956007330085,-0.589655588473554
"949160",-0.927573519600196,-0.663899198366067,0.164610927381985,-1.04177362193505,-0.42748774716485,-1.80713894658849,1.05120793099882,-0.746606622918161,-0.0828626298825258,1.2052982594846,0.44183710478663
"908134",1.7016038853076,0.319846001693619,2.45330186284112,0.399076414797038,3.75797706348181,0.0949272187661649,0.478044852025463,2.94795668705538,0.445627683691667,1.0844674196572,2.54638671109841
"684072",-1.01988662272844,-0.803455453572369,-0.845574364618384,-0.500009463203893,-0.818766494080459,-1.08847869900016,-0.288649308390149,-0.811277779390408,0.439851428943045,-1.66563793320761,-0.087034815800568
"909731",-0.266273745272841,-0.582816260257277,-1.17994803805881,-0.720338895019925,-0.489854839985604,-0.0927201658898436,-0.814757693531191,-0.607146492616472,-1.47285897359745,-1.13879436935929,0.251884149554418
"1240221",0.0771487195740362,-0.933058681459881,-0.34328638505147,-0.381973555976006,-0.733141456215321,-0.871524577636589,-0.327317076553206,-0.49971217159553,-1.48680066195877,-0.942946536357781,0.458979173610296
"906827",1.10682302000973,1.14729021909951,0.471742101168508,1.67548909269652,0.982578665691444,0.865573563312831,-0.341601734157937,1.11005422973177,1.3002036271843,1.52013425902224,-0.94898130423813
"1290807",1.83359401641682,0.86157173675132,0.260815561644772,1.82315206509222,-0.258222766858181,0.86274982514805,0.741440440086687,0.229483866056587,-0.482095579406727,1.52367959763287,-1.0625791410636
"907060",-0.387672366617366,0.104086055217033,0.0021953556909546,0.147458389712337,-0.286235193757863,-0.218271502558725,0.293183168531877,0.21635556621945,0.656309312709814,0.626247445553559,-1.26706182287166
"909977",1.06240800881915,2.97106127426664,2.88257315618264,0.343729025951014,1.78428092869353,0.463920524888549,1.24917894707035,2.22017795794508,2.44308662923694,0.568146011421937,-0.246321964108518
"907072",-0.471759134378444,0.816875722021665,0.775515013196549,-0.733459055294572,-0.389709229577496,0.924848640180727,0.645012898484512,-0.576128655758877,0.175257452547159,0.0882301973689521,0.980209209125275
"908131",-0.248865641489645,0.516860776591178,1.38547668149555,0.433460788777503,-0.644057584146425,0.0765641285954882,-0.204814283248978,0.0931489935064821,1.20987464570527,-0.608035666311376,-0.985519700967985
"925345",-0.916512684105759,-0.243368206776765,-0.407972122185673,-0.808504202834634,-0.963148407164284,2.37943522630851,0.48927026632384,-0.529439444439189,-1.04098818011863,0.0753704637859558,-0.0760822476891931
"910849",0.877765456563237,0.854276758393456,0.3913331804831,0.642936767302993,0.249213551346808,1.25974177221135,0.0625928990951378,0.042304978211274,0.756679340499067,2.03858627013147,-0.847271922412691
"909707",-0.718498846515159,0.808990353358187,0.283626439379256,-1.10932305003582,-0.464524739049276,1.35499674322311,0.690702178111022,0.00946584360395884,0.14333888739124,0.607532910281719,-1.10667182472415
"909776",-0.294902700641488,-0.282563729246386,0.00397636701459392,-0.859253952002983,-0.188105489566304,0.632423372689346,1.07325458364606,0.432328194897597,-0.220388605878924,1.6936989150771,1.46037642410426
"1290767",0.164984585657151,1.83306295993876,-0.781664499818599,-0.0301975971506265,-0.51957165660237,1.02586950677833,3.05039572619049,-0.358449736357064,0.219622309152136,0.718488086191277,0.0846277598370757
