"","EGFR","Hypoxia","JAK.STAT","MAPK","NFkB","PI3K","TGFb","TNFa","Trail","VEGF","p53"
"EGFR",0.664373015873016,0.644441825396825,0.752956084656085,0.520425529100529,0,0.556412400793651,0.664373015873016,0.0166093253968254,1,1,0.664373015873016
"MTORC1",1,1,1,1,0.747419642857143,0.855380257936508,0.857041190476191,0.747419642857143,1,0.855380257936508,1
"PDGFR",1,1,1,1,1,0.564717063492063,0.564717063492063,1,0.564717063492063,1,1
"KIT",1,0.996559523809524,0.996559523809524,1,1,0.996559523809524,0.83046626984127,1,1,0.298967857142857,1
"VEGFR",1,1,1,1,0.481670436507937,1,1,0,1,1,1
"FLT3",1,1,1,1,1,1,1,1,1,1,1
"RET",0.804629541446208,0.494127430555556,0.406928472222222,0.406928472222222,0.494127430555556,1,0.913512896825397,0.406928472222222,0.494127430555556,0.494127430555556,0.406928472222222
"CSF1R",1,1,1,1,1,1,1,1,1,1,1
"MET",0.498279761904762,1,0.863684920634921,1,0.498279761904762,1,1,1,0.863684920634921,1,1
"Proteasome",1,1,1,1,1,1,1,1,1,1,1
"Microtubule stabiliser",1,1,1,1,1,1,1,1,1,1,1
"SMO",1,1,1,1,1,1,1,1,1,1,1
"BRAF",1,0.896903571428571,1,1,1,1,1,1,1,1,1
"AURKA",1,1,1,1,1,0.132874603174603,1,1,1,1,1
"AURKB",1,1,1,1,1,1,1,0.664373015873016,1,1,1
"AURKC",1,1,1,1,1,1,1,1,1,1,1
"ABL",1,1,1,1,1,1,1,1,1,1,1
"ALK",1,1,1,1,1,1,1,1,1,1,1
"SRC",1,1,0.974413756613757,1,1,0.974413756613757,1,1,0.83046626984127,1,1
"CDK1",1,1,1,1,1,1,1,1,1,1,1
"CDK2",1,0.680982341269841,1,1,1,1,1,1,1,0.465061111111111,1
"CDK5",1,1,1,1,1,1,1,1,1,1,1
"CDK7",0.716573752834467,0.936765952380952,0.716573752834467,0.716573752834467,1,0.716573752834467,0.716573752834467,0.716573752834467,0.936765952380952,0.936765952380952,0.716573752834467
"CDK9",1,1,1,1,1,1,1,1,1,1,1
"PKC",1,1,1,1,1,1,1,1,1,1,1
"CDK4",1,1,1,0.919049338624339,1,1,1,0.232530555555556,1,0.919049338624339,1
"LCK",1,1,0.524854682539683,0.524854682539683,0.61454503968254,0.524854682539683,0.934867743764172,0.524854682539683,0.524854682539683,1,1
"BMX",1,0.841539153439153,0.841539153439153,1,1,1,1,1,1,0.83046626984127,1
"PLK1",1,1,1,1,1,1,1,1,1,1,1
"PLK3",1,1,1,0.890259841269841,1,0.730810317460317,0.890259841269841,0.890259841269841,0.890259841269841,1,1
"IGF1R",0.186024444444444,1,1,0.055364417989418,0.0332186507936508,0.149483928571429,1,0.0498279761904762,1,1,1
"IR",0.689287003968254,1,0.631154365079365,1,1,1,0.689287003968254,1,0.631154365079365,1,1
"MTOR",1,1,1,1,0.788942956349206,0.788942956349206,1,0.788942956349206,1,0.788942956349206,1
"AKT1",1,0.188239021164021,1,1,0.0664373015873016,1,1,0.0664373015873016,1,1,1
"AKT2",1,0.221457671957672,1,0.456756448412698,0.083046626984127,1,1,0.083046626984127,1,1,1
"AKT3",0.887412528344671,1,0.887412528344671,0.465061111111111,1,0.887412528344671,1,0.887412528344671,1,0.465061111111111,0.887412528344671
"HDAC1",1,1,1,1,0.952267989417989,1,1,1,0.952267989417989,0.265749206349206,1
"IKK",1,1,1,1,0.971645535714286,1,1,0.971645535714286,0.971645535714286,0.971645535714286,1
"PI3Kbeta",1,1,1,0.442915343915344,0.442915343915344,0.647763690476191,0.609008597883598,0.442915343915344,0.609008597883598,0.616917800453515,0.609008597883598
"ERK5",1,1,1,1,1,1,1,1,1,1,1
"ERBB2",0.939613265306122,0.656068353174603,0.744097777777778,0.61454503968254,1,0.656068353174603,0.939613265306122,0.61454503968254,1,1,1
"ROCK1",1,0.848921075837743,0.848921075837743,0.848921075837743,0.848921075837743,0.39862380952381,0.848921075837743,0.848921075837743,0.848921075837743,0.848921075837743,1
"ROCK2",0.282358531746032,0.674338611111111,0.674338611111111,0.674338611111111,0.282358531746032,0.674338611111111,1,0.674338611111111,0.674338611111111,0.674338611111111,0.674338611111111
"DNA crosslinker",1,1,1,1,0.979950198412698,1,1,0.979950198412698,1,0.979950198412698,0.979950198412698
"Microtubule destabiliser",1,1,1,1,1,1,1,1,1,1,1
"AR",1,1,1,1,0,1,1,0.0166093253968254,1,1,1
"ATM",1,1,0.564717063492063,1,0.448451785714286,1,1,0.448451785714286,1,1,0.705896329365079
"FLT1",1,1,1,0.221457671957672,0,1,1,0.0166093253968254,1,1,1
"GSK3A",1,1,1,1,1,1,1,0.930122222222222,1,1,1
"GSK3B",1,1,1,1,1,0.896903571428571,1,1,1,1,1
"PDGFRA",1,0.257444543650794,1,1,0.132874603174603,0.524854682539683,0.257444543650794,0.257444543650794,1,1,1
"VEGFR2",1,1,1,1,1,1,1,1,1,1,1
"FGFR1",1,1,1,1,1,1,1,1,1,1,1
"TIE2",1,1,1,1,0,1,1,0.166093253968254,0.896903571428571,1,1
"JNK2",0.365405158730159,0.365405158730159,0.943409682539682,0.953849829931973,0.871989583333333,1,1,1,0.871989583333333,0.953849829931973,1
"BRD2",1,1,1,0.819393386243386,0.0332186507936508,1,1,0.166093253968254,1,1,1
"BRD3",0.744097777777778,0.744097777777778,1,1,0.744097777777778,0.744097777777778,0.744097777777778,1,1,1,1
"BRD4",0.637798095238095,0.637798095238095,0.637798095238095,0.055364417989418,0,0.126230873015873,0.0913512896825397,0.055364417989418,0.972400505050505,0.637798095238095,0.637798095238095
"BRDT",1,1,1,1,1,1,1,1,1,1,1
"FNTA",1,0.963340873015873,0.935658664021164,0.935658664021164,0.265749206349206,0.376478042328042,0.440147123015873,0.282358531746032,1,1,1
"PDK1 (PDPK1)",1,1,1,1,1,1,1,1,1,1,1
"BCL2",1,0.609008597883598,1,1,0.910191031746032,1,0.609008597883598,0.609008597883598,1,0.822161607142857,1
"BCL-XL",1,0.465061111111111,1,1,1,1,0.465061111111111,1,1,1,1
"BCL-W",0.583699149659864,0.43184246031746,1,0.583699149659864,0.583699149659864,0.855380257936508,0.583699149659864,1,0.583699149659864,0.583699149659864,1
"MCL1",1,1,1,1,1,1,1,1,1,0.996559523809524,1
"dsDNA break",1,1,1,1,1,1,1,1,1,1,1
"BTK",1,0.531498412698413,1,1,1,1,1,1,1,1,1
"HSP90",1,1,1,1,1,1,1,1,1,1,1
"PDGFRB",1,1,1,1,0.597935714285714,1,1,0.597935714285714,1,1,1
"IKK2",1,1,1,1,1,0.564717063492064,1,1,1,1,1
"Amyloid beta20",1,1,1,1,0.132874603174603,1,1,0.0664373015873016,1,1,1
"Amyloid beta40",1,1,1,1,1,1,1,0.880294246031746,1,0.880294246031746,1
"JAK2",1,1,1,1,1,1,1,1,1,1,1
"JNK1",0.509352645502645,0.741883201058201,0.880294246031746,0.348795833333333,0.348795833333333,0.509352645502645,0.476133994708995,0.912002958152958,0.741883201058201,0.489975099206349,0.741883201058201
"CDK6",1,1,1,1,1,1,1,1,1,1,1
"PI3K (class 1)",1,0.996559523809524,1,1,0.996559523809524,1,1,1,0.996559523809524,1,0.996559523809524
"PI3Kgamma",1,1,1,1,0.841539153439153,0.841539153439153,1,1,0.841539153439153,1,1
"RSK",1,1,1,1,0.597935714285714,1,1,0.597935714285714,1,1,1
"G9a and GLP",0.971645535714286,1,0.971645535714286,1,0.971645535714286,0.631154365079365,1,1,1,1,1
"FLT4",1,1,1,1,0.631154365079365,1,1,1,1,1,1
"NTRK2",1,1,1,1,1,1,1,1,1,1,1
"LTK",1,1,1,1,1,1,1,1,1,1,1
"TAK1",0.640645408163265,0.640645408163265,0.727119356261023,0.640645408163265,0.0996559523809524,0.0996559523809524,0.640645408163265,0.726657986111111,1,0.640645408163265,1
"ERK2",0.730810317460317,1,1,1,1,1,1,0.730810317460317,0.941195105820106,1,1
"HDAC6",1,1,1,1,1,1,1,1,1,1,1
"VEGFR1",1,1,1,1,1,1,1,1,1,0.797247619047619,1
"VEGFR3",1,1,1,1,1,1,1,1,1,1,1
"MTORC2",1,1,1,1,1,1,1,1,1,1,1
"PIM3",0.39862380952381,0.39862380952381,1,1,0.0996559523809524,1,1,0.365405158730159,0.398623809523809,1,1
"ALK5",1,1,0.631154365079365,1,1,0.631154365079365,0.631154365079365,1,1,1,1
"TNKS1",1,1,1,1,0.0996559523809524,1,1,0.265749206349206,1,1,1
"TNKS2",0.920156626984127,0.920156626984127,0.920156626984127,0.920156626984127,0.564717063492064,0.920156626984127,1,0.920156626984127,0.920156626984127,0.920156626984127,0.920156626984127
"TOP1",1,1,1,1,1,1,1,1,1,1,1
"Antimetabolite",0.340491170634921,0.348795833333333,1,0.132874603174603,0.21592123015873,0.664373015873016,0.701743998015873,0.348795833333333,0.841539153439153,0.287894973544974,1
"MEK1",0.157788591269841,0.745046882086168,0.637798095238095,0.745046882086168,0.157788591269841,0,0.157788591269841,1,1,0.755724305555556,0.915358377425044
"MEK2",0.149483928571429,1,0.524854682539683,0.542571296296296,0.0498279761904762,0.0498279761904762,0.110728835978836,1,1,1,1
"PARP1",1,0.43184246031746,1,0.92181755952381,0.0332186507936508,0.440147123015873,0.0996559523809524,0.719737433862434,1,0.719737433862434,0.901649092970522
"PARP2",1,1,1,1,0.0332186507936508,1,1,1,1,1,1
"CHEK1",1,1,1,1,1,1,1,1,1,0.896903571428571,1
"NTRK1",1,1,0.996559523809524,1,0.465061111111111,1,1,0.996559523809524,1,0.996559523809524,1
"p38",1,1,1,1,1,1,1,1,1,1,1
"MDM2",0.755724305555556,0.755724305555556,0.755724305555556,1,0.940087817460317,0.548107738095238,0.755724305555556,0.940087817460317,0.755724305555556,0.755724305555556,0.39862380952381
