"","EGFR","Hypoxia","JAK.STAT","MAPK","NFkB","PI3K","TGFb","TNFa","Trail","VEGF","p53"
"EGFR",0.154,0.097,0.204,0.047,0,0.067,0.142,0.001,0.482,0.459,0.16
"MTORC1",0.523,0.521,0.218,0.376,0.045,0.078,0.129,0.027,0.274,0.103,0.235
"PDGFR",0.241,0.362,0.33,0.37,0.437,0.049,0.051,0.249,0.045,0.496,0.281
"KIT",0.274,0.11,0.143,0.42,0.329,0.15,0.05,0.318,0.212,0.009,0.367
"VEGFR",0.409,0.479,0.455,0.176,0.029,0.419,0.414,0,0.282,0.184,0.212
"FLT3",0.448,0.39,0.178,0.223,0.049,0.373,0.434,0.125,0.095,0.378,0.421
"RET",0.218,0.109,0.049,0.03,0.119,0.38,0.275,0.049,0.092,0.107,0.028
"CSF1R",0.339,0.246,0.359,0.37,0.221,0.191,0.374,0.346,0.127,0.054,0.492
"MET",0.015,0.209,0.098,0.398,0.03,0.277,0.449,0.172,0.104,0.236,0.305
"Proteasome",0.397,0.538,0.145,0.373,0.284,0.086,0.204,0.17,0.176,0.257,0.455
"Microtubule stabiliser",0.415,0.326,0.179,0.353,0.355,0.353,0.404,0.292,0.501,0.057,0.189
"SMO",0.447,0.418,0.331,0.334,0.109,0.284,0.333,0.487,0.124,0.093,0.416
"BRAF",0.29,0.027,0.349,0.228,0.546,0.061,0.115,0.26,0.215,0.216,0.281
"AURKA",0.124,0.528,0.214,0.347,0.19,0.004,0.114,0.214,0.068,0.312,0.38
"AURKB",0.243,0.606,0.295,0.284,0.307,0.229,0.261,0.02,0.206,0.352,0.167
"AURKC",0.159,0.356,0.206,0.372,0.378,0.324,0.339,0.059,0.353,0.157,0.071
"ABL",0.33,0.459,0.513,0.227,0.401,0.05,0.213,0.385,0.303,0.15,0.479
"ALK",0.37,0.422,0.117,0.307,0.177,0.082,0.226,0.168,0.081,0.236,0.317
"SRC",0.233,0.484,0.078,0.324,0.305,0.088,0.242,0.407,0.025,0.473,0.477
"CDK1",0.253,0.132,0.296,0.405,0.352,0.279,0.273,0.307,0.172,0.362,0.331
"CDK2",0.413,0.041,0.319,0.321,0.243,0.139,0.58,0.321,0.376,0.014,0.334
"CDK5",0.173,0.04,0.423,0.478,0.348,0.38,0.399,0.276,0.276,0.079,0.14
"CDK7",0.11,0.238,0.145,0.145,0.36,0.047,0.115,0.151,0.282,0.271,0.133
"CDK9",0.299,0.309,0.488,0.403,0.409,0.1,0.298,0.22,0.185,0.296,0.323
"PKC",0.527,0.387,0.215,0.264,0.421,0.126,0.293,0.318,0.189,0.223,0.474
"CDK4",0.448,0.149,0.19,0.065,0.199,0.413,0.315,0.007,0.436,0.083,0.498
"LCK",0.332,0.307,0.065,0.058,0.111,0.079,0.197,0.05,0.038,0.513,0.378
"BMX",0.368,0.076,0.072,0.208,0.602,0.378,0.282,0.605,0.512,0.025,0.302
"PLK1",0.518,0.542,0.158,0.411,0.354,0.166,0.433,0.266,0.267,0.135,0.214
"PLK3",0.515,0.28,0.383,0.134,0.235,0.022,0.118,0.093,0.11,0.365,0.435
"IGF1R",0.028,0.343,0.4,0.005,0.001,0.018,0.352,0.003,0.445,0.388,0.292
"IR",0.07,0.401,0.032,0.316,0.35,0.237,0.083,0.185,0.038,0.202,0.471
"MTOR",0.327,0.508,0.186,0.275,0.057,0.085,0.255,0.047,0.407,0.095,0.255
"AKT1",0.506,0.017,0.541,0.134,0.003,0.297,0.152,0.004,0.535,0.19,0.292
"AKT2",0.245,0.02,0.445,0.055,0.005,0.273,0.187,0.003,0.312,0.313,0.379
"AKT3",0.175,0.248,0.187,0.028,0.319,0.092,0.381,0.131,0.376,0.025,0.186
"HDAC1",0.42,0.328,0.348,0.217,0.068,0.398,0.462,0.447,0.086,0.008,0.437
"IKK",0.477,0.413,0.379,0.526,0.072,0.376,0.458,0.115,0.117,0.063,0.358
"PI3Kbeta",0.299,0.51,0.496,0.033,0.04,0.156,0.107,0.02,0.11,0.13,0.094
"ERK5",0.322,0.403,0.425,0.089,0.077,0.372,0.488,0.176,0.119,0.48,0.425
"ERBB2",0.198,0.079,0.112,0.037,0.483,0.073,0.196,0.032,0.346,0.28,0.444
"ROCK1",0.358,0.199,0.212,0.155,0.165,0.012,0.057,0.108,0.114,0.23,0.59
"ROCK2",0.017,0.127,0.193,0.184,0.012,0.139,0.417,0.155,0.135,0.203,0.162
"DNA crosslinker",0.293,0.169,0.312,0.269,0.099,0.238,0.487,0.044,0.388,0.118,0.114
"Microtubule destabiliser",0.47,0.334,0.272,0.369,0.373,0.292,0.492,0.504,0.524,0.123,0.421
"AR",0.282,0.278,0.233,0.11,0,0.436,0.35,0.001,0.124,0.198,0.305
"ATM",0.29,0.359,0.051,0.416,0.025,0.242,0.341,0.027,0.268,0.341,0.085
"FLT1",0.294,0.302,0.481,0.02,0,0.254,0.392,0.001,0.172,0.454,0.411
"GSK3A",0.571,0.236,0.198,0.268,0.418,0.235,0.465,0.028,0.14,0.289,0.078
"GSK3B",0.287,0.437,0.373,0.333,0.362,0.027,0.192,0.167,0.256,0.382,0.07
"PDGFRA",0.362,0.031,0.461,0.526,0.004,0.079,0.031,0.028,0.427,0.384,0.323
"VEGFR2",0.127,0.499,0.29,0.385,0.181,0.411,0.419,0.039,0.465,0.168,0.283
"FGFR1",0.381,0.305,0.2,0.16,0.257,0.3,0.205,0.037,0.487,0.1,0.39
"TIE2",0.204,0.33,0.321,0.418,0,0.299,0.501,0.01,0.081,0.352,0.435
"JNK2",0.022,0.018,0.142,0.201,0.08,0.321,0.493,0.291,0.105,0.19,0.448
"BRD2",0.2,0.464,0.277,0.074,0.001,0.266,0.196,0.01,0.332,0.373,0.396
"BRD3",0.052,0.112,0.467,0.248,0.086,0.052,0.092,0.521,0.285,0.452,0.484
"BRD4",0.124,0.168,0.192,0.005,0,0.019,0.011,0.005,0.322,0.145,0.187
"BRDT",0.309,0.121,0.3,0.225,0.42,0.135,0.158,0.295,0.187,0.397,0.247
"FNTA",0.372,0.203,0.158,0.169,0.008,0.034,0.053,0.017,0.386,0.249,0.394
"PDK1 (PDPK1)",0.172,0.368,0.443,0.284,0.128,0.125,0.333,0.259,0.046,0.353,0.177
"BCL2",0.44,0.055,0.456,0.418,0.137,0.308,0.052,0.051,0.467,0.099,0.23
"BCL-XL",0.528,0.02,0.308,0.375,0.196,0.228,0.028,0.128,0.436,0.114,0.281
"BCL-W",0.071,0.013,0.428,0.109,0.087,0.206,0.091,0.324,0.123,0.1,0.577
"MCL1",0.332,0.062,0.226,0.265,0.419,0.353,0.308,0.33,0.277,0.03,0.418
"dsDNA break",0.406,0.352,0.271,0.127,0.143,0.408,0.351,0.035,0.519,0.326,0.113
"BTK",0.377,0.016,0.369,0.208,0.424,0.23,0.241,0.141,0.116,0.122,0.261
"HSP90",0.221,0.49,0.308,0.32,0.099,0.189,0.437,0.227,0.355,0.364,0.358
"PDGFRB",0.369,0.171,0.359,0.131,0.018,0.368,0.288,0.036,0.376,0.134,0.224
"IKK2",0.442,0.359,0.174,0.435,0.484,0.017,0.149,0.275,0.094,0.458,0.28
"Amyloid beta20",0.199,0.357,0.462,0.311,0.008,0.469,0.342,0.002,0.32,0.203,0.301
"Amyloid beta40",0.115,0.199,0.459,0.36,0.181,0.293,0.258,0.047,0.236,0.053,0.243
"JAK2",0.379,0.034,0.197,0.28,0.16,0.322,0.508,0.388,0.107,0.1,0.133
"JNK1",0.083,0.201,0.265,0.021,0.016,0.092,0.043,0.302,0.168,0.059,0.193
"CDK6",0.254,0.358,0.197,0.256,0.308,0.138,0.127,0.321,0.373,0.415,0.313
"PI3K (class 1)",0.214,0.11,0.384,0.368,0.041,0.426,0.193,0.243,0.12,0.217,0.09
"PI3Kgamma",0.462,0.458,0.172,0.237,0.076,0.048,0.196,0.151,0.061,0.436,0.467
"RSK",0.392,0.406,0.341,0.205,0.02,0.337,0.484,0.036,0.251,0.16,0.284
"G9a and GLP",0.109,0.352,0.094,0.282,0.117,0.019,0.176,0.507,0.508,0.187,0.452
"FLT4",0.372,0.386,0.156,0.247,0.019,0.315,0.272,0.106,0.136,0.319,0.238
"NTRK2",0.438,0.491,0.225,0.232,0.363,0.053,0.113,0.428,0.084,0.441,0.332
"LTK",0.416,0.509,0.228,0.301,0.07,0.28,0.505,0.046,0.494,0.153,0.145
"TAK1",0.119,0.135,0.197,0.101,0.005,0.006,0.093,0.175,0.381,0.097,0.501
"ERK2",0.044,0.198,0.475,0.368,0.343,0.47,0.473,0.028,0.085,0.402,0.234
"HDAC6",0.428,0.221,0.085,0.326,0.311,0.275,0.257,0.125,0.063,0.521,0.138
"VEGFR1",0.123,0.457,0.34,0.391,0.566,0.232,0.322,0.404,0.394,0.024,0.3
"VEGFR3",0.488,0.412,0.451,0.527,0.199,0.428,0.532,0.152,0.313,0.2,0.31
"MTORC2",0.406,0.172,0.186,0.537,0.381,0.058,0.255,0.273,0.075,0.198,0.313
"PIM3",0.055,0.06,0.279,0.35,0.003,0.281,0.439,0.022,0.036,0.231,0.559
"ALK5",0.333,0.128,0.057,0.428,0.183,0.039,0.021,0.361,0.303,0.365,0.381
"TNKS1",0.458,0.156,0.392,0.372,0.003,0.483,0.388,0.016,0.121,0.338,0.146
"TNKS2",0.183,0.256,0.277,0.148,0.017,0.2,0.421,0.088,0.13,0.26,0.099
"TOP1",0.527,0.141,0.221,0.413,0.444,0.327,0.312,0.463,0.565,0.058,0.214
"Antimetabolite",0.041,0.056,0.445,0.004,0.013,0.14,0.169,0.063,0.228,0.026,0.447
"MEK1",0.016,0.155,0.096,0.157,0.012,0,0.019,0.664,0.424,0.182,0.248
"MEK2",0.018,0.295,0.079,0.098,0.003,0.003,0.01,0.566,0.428,0.238,0.282
"PARP1",0.325,0.039,0.396,0.222,0.001,0.053,0.006,0.13,0.344,0.12,0.19
"PARP2",0.429,0.205,0.356,0.411,0.001,0.454,0.173,0.116,0.083,0.473,0.255
"CHEK1",0.347,0.318,0.313,0.203,0.207,0.35,0.339,0.361,0.424,0.027,0.095
"NTRK1",0.219,0.23,0.099,0.351,0.014,0.264,0.296,0.075,0.377,0.12,0.469
"p38",0.434,0.339,0.099,0.271,0.364,0.173,0.098,0.274,0.109,0.229,0.228
"MDM2",0.161,0.119,0.176,0.45,0.276,0.033,0.164,0.283,0.144,0.182,0.012
