"","EGFR","Hypoxia","JAK.STAT","MAPK","NFkB","PI3K","TGFb","TNFa","Trail","VEGF","p53"
"EGFR",1,1,1,0,1,1,1,1,0.448451785714286,1,0.930122222222222
"MTORC1",1,0.465061111111111,1,0.132874603174603,1,1,1,1,0.697591666666667,1,1
"PDGFR",1,0.919049338624339,1,1,0.332186507936508,1,1,0.919049338624339,1,1,1
"KIT",0.922740299823633,0.922740299823633,0.922740299823633,0.871989583333333,0.310040740740741,1,1,0.310040740740741,0.310040740740741,0.896903571428572,0.922740299823633
"VEGFR",1,1,0.132874603174603,1,1,0.697591666666667,1,1,1,1,1
"FLT3",0.863684920634921,0.882139726631393,1,0.83046626984127,0.83046626984127,0.83046626984127,0.83046626984127,0.83046626984127,0.265749206349206,0.863684920634921,1
"RET",1,0.970722795414462,0.0387550925925926,0.0332186507936508,0,0.0387550925925926,0.208802947845805,0.0166093253968254,0.0387550925925926,0.970722795414462,1
"CSF1R",1,1,1,0.6754458994709,0.0664373015873016,0.705896329365079,0.487206878306878,0.332186507936508,0.6754458994709,0.705896329365079,0.6754458994709
"MET",1,1,0.442915343915344,1,0.298967857142857,1,0.802784060846561,0.489975099206349,0.442915343915344,0.750741507936508,1
"Proteasome",0.332186507936508,0.783960158730159,0.346423072562358,0.783960158730159,0,0.332186507936508,1,0.0332186507936508,0.332186507936508,0.343259391534392,0.676830009920635
"Microtubule stabiliser",0.469806632653061,1,0.182702579365079,1,0.0996559523809524,0.152805793650794,1,0.152805793650794,0.152805793650794,0.152805793650794,0.548107738095238
"SMO",1,1,1,1,1,1,1,1,1,0.863684920634921,1
"BRAF",0.724166587301587,0.305611587301587,0.47751810515873,0.305611587301587,0.724166587301587,0.305611587301587,1,0.305611587301587,0.47751810515873,0.305611587301587,0.47751810515873
"AURKA",0.571360793650794,1,1,0.571360793650794,0.809704613095238,0.571360793650794,0.809704613095238,0.571360793650794,0.571360793650794,0.809704613095238,0.841539153439153
"AURKB",0.409696693121693,1,0.132874603174603,0.409696693121693,1,0.697591666666667,0.996559523809524,0.919049338624339,0.996559523809524,0.423537797619048,0.996559523809524
"AURKC",0.915022835497835,0.915022835497835,0.915022835497835,0.915022835497835,0.915022835497835,0.915022835497835,0.915022835497835,0.915022835497835,0.915022835497835,0.915022835497835,0.915022835497835
"ABL",0.239174285714286,0.509352645502646,0.0664373015873016,0.239174285714286,0.863684920634921,0.210384788359788,0.863684920634921,0.509352645502646,0.509352645502646,0.083046626984127,0.509352645502646
"ALK",1,0.55364417989418,1,0.901649092970522,0.901649092970522,0.564717063492064,0.55364417989418,0.901649092970522,1,0.55364417989418,1
"SRC",0.43184246031746,1,0.0885830687830688,0.083046626984127,0.083046626984127,1,1,0.340491170634921,1,1,1
"CDK1",0.575789947089947,1,0.575789947089947,1,1,0.575789947089947,1,1,1,1,1
"CDK2",1,1,1,1,1,1,1,1,1,1,1
"CDK5",1,1,1,1,0.43184246031746,1,1,1,1,1,1
"CDK7",0.21592123015873,0.745046882086168,0.285680396825397,0.285680396825397,0.285680396825397,1,1,1,0.542571296296296,0,1
"CDK9",1,0.786174735449735,1,0.786174735449735,1,0.786174735449735,1,0.786174735449735,1,0.786174735449735,0.786174735449735
"PKC",1,1,1,0.365405158730159,1,1,1,1,1,1,1
"CDK4",1,1,1,1,1,1,1,1,1,1,1
"LCK",1,1,0.597935714285714,0.365405158730159,1,1,1,1,1,1,1
"BMX",0.787756575963719,0.787756575963719,0.787756575963719,0.805552281746032,0.787756575963719,0.787756575963719,0.787756575963719,0.465061111111111,1,0.919049338624339,1
"PLK1",0.993539646464647,0.993539646464647,0.522007369614512,0.470597552910053,0.298967857142857,0.298967857142857,0.993539646464647,0.470597552910053,0.0664373015873016,0.298967857142857,0.993539646464647
"PLK3",0.6754458994709,1,0.943409682539682,0.0498279761904762,1,1,1,1,0.0332186507936508,0.943409682539682,1
"IGF1R",0.747419642857143,0.747419642857143,0.132874603174603,1,0.597935714285714,1,1,0.265749206349206,1,1,0.747419642857143
"IR",0.882139726631393,0.882139726631393,1,0.882139726631393,0.132874603174603,0.882139726631393,0.882139726631393,0.249139880952381,0.882139726631393,0.882139726631393,1
"MTOR",1,0.85039746031746,1,0.85039746031746,0.85039746031746,1,1,0.85039746031746,1,0.85039746031746,1
"AKT1",1,1,0.232530555555556,0.055364417989418,0,0.370941600529101,1,0,0.370941600529101,1,1
"AKT2",0.867006785714286,1,0.867006785714286,0.15502037037037,0.083046626984127,0.352117698412698,0.583699149659864,0.0664373015873016,0.352117698412698,0.867006785714286,0.583699149659864
"AKT3",0.527807451499118,0.373709821428571,0.0581326388888889,0.0730810317460318,0,0.351168594104308,1,0.055364417989418,0,0.810535079365079,0.298967857142857
"HDAC1",1,1,1,0.332186507936508,1,0.0664373015873016,1,1,1,1,1
"IKK",1,1,0.0996559523809524,0.689287003968254,0.132874603174603,1,1,1,0.907976455026455,0.132874603174603,0.757385238095238
"PI3Kbeta",0.0166093253968254,0.852612037037037,0.0332186507936508,0.0166093253968254,1,1,0.488788718820862,0.298967857142857,0.298967857142857,0.298967857142857,0.489975099206349
"ERK5",1,1,0.224225892857143,0,0,1,1,0.272392936507937,0.224225892857143,1,1
"ERBB2",0.930122222222222,1,1,1,1,1,1,1,1,1,1
"ROCK1",0.21592123015873,1,0.0664373015873016,0.132874603174603,0.132874603174603,1,1,1,1,1,1
"ROCK2",0.21592123015873,0.834618601190476,1,0.166093253968254,0.792502097505669,1,1,0.498279761904762,0.232530555555556,0.792502097505669,0.792502097505669
"DNA crosslinker",1,1,0.0996559523809524,0.631154365079365,0.265749206349206,0.642227248677249,1,1,0.265749206349206,0.0996559523809524,1
"Microtubule destabiliser",0.84470283446712,0.84470283446712,0.332186507936508,1,0.84470283446712,1,1,0.332186507936508,0.332186507936508,0.84470283446712,1
"AR",0.61454503968254,0.750741507936508,1,0.61454503968254,0.61454503968254,1,1,1,1,0.564717063492064,1
"ATM",1,0.718353323412698,0.718353323412698,0.149483928571429,0.265749206349206,0.718353323412698,0.919049338624339,0.591291984126984,0.149483928571429,1,0.591291984126984
"FLT1",1,1,1,0,0,1,1,0,0.0083046626984127,1,0.438486190476191
"GSK3A",0.365405158730159,0.474552154195011,0.365405158730159,0.382014484126984,0.382014484126984,1,0.660682054673721,1,0.365405158730159,0.382014484126984,0.660682054673721
"GSK3B",0.373709821428571,1,1,1,1,0.373709821428571,1,0.298967857142857,1,0.0996559523809524,0.524854682539683
"PDGFRA",1,1,0.0996559523809524,1,0,0.717522857142857,1,0.143947486772487,0.149483928571429,1,1
"VEGFR2",1,0.593190192743764,1,0.166093253968254,0.166093253968254,1,0.378692619047619,0.378692619047619,0.593190192743764,0.378692619047619,1
"FGFR1",1,0.440147123015873,0.440147123015873,0.0332186507936508,0.514889087301587,0.526752891156463,0.905208234126984,1,1,0.0498279761904762,0.514889087301587
"TIE2",1,1,1,0,0,0.777316428571429,1,0.21592123015873,0.199311904761905,1,1
"JNK2",0.896903571428571,1,1,1,1,1,1,1,1,1,1
"BRD2",0.973306468253968,1,0.232530555555556,0.764028968253968,0,0.973306468253968,0.973306468253968,0.0996559523809524,0.973306468253968,0.440147123015873,0.764028968253968
"BRD3",1,1,1,1,1,1,1,1,1,1,1
"BRD4",1,0.813856944444445,1,1,1,1,1,1,1,0.132874603174603,1
"BRDT",0.868430442176871,0.0332186507936508,1,1,0.604579444444444,0.604579444444444,0.764028968253968,0.315577182539683,1,0.604579444444444,1
"FNTA",0.551429603174603,1,0.254676322751323,1,0,0.884446577380952,1,0.182702579365079,0.315577182539683,0.664373015873016,0.884446577380952
"PDK1 (PDPK1)",1,1,0.983272063492064,1,0.132874603174603,0.983272063492064,0.983272063492064,1,1,1,0.813856944444445
"BCL2",0.315577182539683,1,1,0.874757804232804,0.315577182539683,1,1,1,1,1,1
"BCL-XL",0.810535079365079,1,0.913512896825397,1,0.365405158730159,0.810535079365079,0.810535079365079,1,1,0.810535079365079,1
"BCL-W",0.747419642857143,0.365405158730159,0.747419642857143,0.747419642857143,0.975797867063492,0.747419642857143,0.749792403628118,1,1,0.747419642857143,1
"MCL1",0.338830238095238,0.788942956349206,0.735555839002268,1,0,1,1,0.110728835978836,0.725273875661376,0.110728835978836,0.332186507936508
"dsDNA break",0.0664373015873016,0.734962648809524,0.790603888888889,0.790603888888889,0.0664373015873016,0.609008597883598,0.734962648809524,0.0332186507936508,0.0332186507936508,0.524854682539683,1
"BTK",1,1,1,1,1,0.896903571428571,1,1,1,1,1
"HSP90",0.974413756613757,1,0.471704841269841,1,0,1,1,0,0.0332186507936508,0.0332186507936508,1
"PDGFRB",0.906394614512472,0.440147123015873,1,0.0885830687830688,0.0332186507936508,0.906394614512472,1,0.0664373015873016,0.906394614512472,1,1
"IKK2",1,1,1,0.0664373015873016,1,1,1,1,1,1,1
"Amyloid beta20",0.538880335097002,0.470597552910053,0.538880335097002,0.453988227513228,0.470597552910053,0.538880335097002,1,0.470597552910053,0.453988227513228,0.453988227513228,1
"Amyloid beta40",1,1,1,1,1,1,1,1,1,0.43184246031746,1
"JAK2",0.82382253968254,0.82382253968254,0.780638293650794,0.780638293650794,0.82382253968254,0.82382253968254,0.82382253968254,0.82382253968254,0.860665043290043,0.82382253968254,0.82382253968254
"JNK1",0.676830009920635,0.676830009920635,0.676830009920635,0.676830009920635,0.676830009920635,0.676830009920635,1,1,0.676830009920635,0.676830009920635,1
"CDK6",1,0.52319375,0.52319375,1,0.0996559523809524,0.764028968253968,1,0,1,1,1
"PI3K (class 1)",1,0.83711,1,0.132874603174603,0.83711,1,1,0.83711,0.83711,1,1
"PI3Kgamma",0.974413756613757,1,0.974413756613757,1,1,1,1,1,0.974413756613757,1,1
"RSK",1,0.963340873015873,1,0.531498412698413,0.0332186507936508,0.906394614512472,1,0.232530555555556,0.531498412698413,0.166093253968254,0.514889087301587
"G9a and GLP",0.813856944444444,0.813856944444444,0.548107738095238,0.548107738095238,1,1,1,1,0.365405158730159,0.953849829931973,0.548107738095238
"FLT4",0.199311904761905,0.808320502645503,1,0.199311904761905,0.808320502645503,1,0.991814002267574,0.199311904761905,1,0.556412400793651,1
"NTRK2",0.15502037037037,0.166093253968254,0.441333503401361,0.441333503401361,0.0166093253968254,1,1,0,0.298967857142857,1,1
"LTK",1,0.930122222222222,1,1,1,0.382014484126984,1,1,0.132874603174603,0.498279761904762,1
"TAK1",0.390319146825397,1,1,0.882667006802721,0.265749206349206,0.747419642857143,0.644441825396825,0.265749206349206,0.265749206349206,1,1
"ERK2",1,0.49274332010582,0.491636031746032,0.491636031746032,1,1,1,0.491636031746032,0.491636031746032,1,0.491636031746032
"HDAC6",1,0.764028968253968,1,1,0.764028968253968,0.764028968253968,1,0.764028968253968,1,1,1
"VEGFR1",1,1,1,1,1,1,1,1,1,1,1
"VEGFR3",1,1,0.398623809523809,0.21592123015873,1,0.21592123015873,1,1,0.697591666666667,1,1
"MTORC2",1,1,1,1,1,1,1,1,1,1,1
"PIM3",0.166093253968254,1,0.166093253968254,0.826313938492064,0.166093253968254,0.635899886621315,0.188239021164021,0.166093253968254,1,1,0.166093253968254
"ALK5",1,0.724166587301587,0.724166587301587,0.896903571428571,0.896903571428571,1,1,0.724166587301587,0.724166587301587,0.724166587301587,1
"TNKS1",0.757385238095238,1,0.757385238095238,0.757385238095238,0.0166093253968254,0.783011054421769,0.783011054421769,0,1,0.788942956349206,1
"TNKS2",0.780638293650794,1,0.780638293650794,0.780638293650794,0.083046626984127,1,1,0.083046626984127,1,0.780638293650794,1
"TOP1",0.471704841269841,0.764028968253968,0.471704841269841,0.81717880952381,0.754537925170068,0.797247619047619,0.754537925170068,0.0996559523809524,0.471704841269841,0.471704841269841,1
"Antimetabolite",1,1,0.0332186507936508,1,1,1,1,1,1,1,1
"MEK1",0.620081481481481,1,1,1,1,1,1,1,1,0.620081481481481,0.620081481481481
"MEK2",0.290663194444444,0.290663194444444,1,0.941195105820106,1,0.941195105820106,1,1,1,0.290663194444444,0.290663194444444
"PARP1",1,1,1,1,1,1,1,1,1,1,1
"PARP2",1,1,1,1,1,0.531498412698413,1,1,1,1,1
"CHEK1",0.365405158730159,1,0,1,1,1,1,0.971645535714286,1,0.896903571428571,1
"NTRK1",1,1,0.0996559523809524,1,0.332186507936508,1,1,0.0996559523809524,1,1,1
"p38",1,1,1,1,1,1,1,1,1,1,1
"MDM2",0.885830687830688,1,0.885830687830688,1,1,1,1,1,1,1,0.885830687830688
