"","EGFR","Hypoxia","JAK.STAT","MAPK","NFkB","PI3K","TGFb","TNFa","Trail","VEGF","p53"
"EGFR",0.377,0.414,0.444,0,0.145,0.28,0.554,0.232,0.027,0.387,0.084
"MTORC1",0.183,0.028,0.446,0.004,0.201,0.408,0.501,0.508,0.063,0.266,0.354
"PDGFR",0.284,0.072,0.477,0.405,0.01,0.253,0.507,0.083,0.466,0.19,0.435
"KIT",0.223,0.186,0.25,0.105,0.028,0.354,0.344,0.027,0.021,0.135,0.211
"VEGFR",0.331,0.166,0.004,0.264,0.487,0.042,0.27,0.38,0.239,0.418,0.337
"FLT3",0.205,0.239,0.357,0.15,0.069,0.111,0.145,0.102,0.008,0.208,0.432
"RET",0.412,0.263,0.006,0.003,0,0.005,0.044,0.001,0.007,0.234,0.327
"CSF1R",0.423,0.483,0.477,0.108,0.002,0.17,0.044,0.02,0.113,0.166,0.122
"MET",0.243,0.545,0.04,0.519,0.009,0.295,0.145,0.059,0.033,0.113,0.33
"Proteasome",0.05,0.233,0.073,0.236,0,0.039,0.39,0.002,0.042,0.062,0.163
"Microtubule stabiliser",0.099,0.569,0.033,0.562,0.003,0.02,0.554,0.023,0.016,0.01,0.132
"SMO",0.529,0.212,0.262,0.434,0.386,0.186,0.441,0.461,0.101,0.026,0.323
"BRAF",0.218,0.046,0.09,0.043,0.216,0.036,0.431,0.018,0.115,0.02,0.103
"AURKA",0.042,0.397,0.477,0.086,0.164,0.076,0.195,0.063,0.075,0.176,0.228
"AURKB",0.036,0.354,0.004,0.037,0.433,0.105,0.214,0.166,0.27,0.051,0.264
"AURKC",0.303,0.284,0.082,0.106,0.224,0.13,0.181,0.285,0.173,0.247,0.102
"ABL",0.036,0.138,0.002,0.036,0.286,0.019,0.266,0.114,0.133,0.005,0.123
"ALK",0.323,0.048,0.454,0.19,0.166,0.068,0.05,0.157,0.518,0.024,0.354
"SRC",0.065,0.387,0.008,0.004,0.005,0.486,0.283,0.041,0.391,0.43,0.25
"CDK1",0.029,0.406,0.047,0.291,0.449,0.052,0.391,0.309,0.443,0.257,0.216
"CDK2",0.174,0.251,0.44,0.319,0.504,0.072,0.512,0.343,0.542,0.228,0.529
"CDK5",0.509,0.225,0.372,0.345,0.013,0.172,0.374,0.108,0.357,0.181,0.141
"CDK7",0.013,0.157,0.04,0.043,0.028,0.496,0.294,0.334,0.098,0,0.298
"CDK9",0.482,0.106,0.258,0.124,0.326,0.14,0.601,0.094,0.364,0.142,0.094
"PKC",0.141,0.499,0.414,0.011,0.312,0.078,0.303,0.334,0.33,0.231,0.425
"CDK4",0.378,0.26,0.122,0.102,0.472,0.337,0.262,0.423,0.503,0.346,0.402
"LCK",0.161,0.387,0.036,0.011,0.211,0.541,0.26,0.5,0.2,0.092,0.234
"BMX",0.147,0.119,0.109,0.194,0.107,0.123,0.166,0.014,0.351,0.249,0.645
"PLK1",0.265,0.318,0.11,0.085,0.033,0.02,0.329,0.071,0.002,0.036,0.328
"PLK3",0.061,0.326,0.114,0.003,0.344,0.534,0.353,0.553,0.001,0.142,0.263
"IGF1R",0.135,0.115,0.004,0.3,0.054,0.262,0.461,0.016,0.351,0.444,0.119
"IR",0.239,0.134,0.401,0.129,0.004,0.23,0.189,0.015,0.207,0.168,0.443
"MTOR",0.504,0.109,0.599,0.055,0.128,0.353,0.519,0.12,0.237,0.037,0.331
"AKT1",0.346,0.26,0.028,0.005,0,0.062,0.505,0,0.067,0.326,0.316
"AKT2",0.219,0.377,0.253,0.014,0.005,0.044,0.121,0.002,0.053,0.261,0.123
"AKT3",0.143,0.09,0.007,0.011,0,0.074,0.557,0.005,0,0.244,0.054
"HDAC1",0.202,0.517,0.206,0.02,0.346,0.002,0.348,0.135,0.129,0.399,0.241
"IKK",0.273,0.314,0.003,0.083,0.01,0.355,0.341,0.378,0.164,0.012,0.114
"PI3Kbeta",0.001,0.231,0.003,0.001,0.361,0.38,0.103,0.053,0.046,0.054,0.118
"ERK5",0.381,0.423,0.027,0,0,0.347,0.598,0.041,0.025,0.322,0.286
"ERBB2",0.028,0.654,0.502,0.225,0.066,0.376,0.285,0.564,0.11,0.337,0.196
"ROCK1",0.026,0.374,0.002,0.012,0.011,0.498,0.318,0.273,0.393,0.417,0.191
"ROCK2",0.013,0.201,0.299,0.005,0.148,0.503,0.553,0.06,0.021,0.167,0.158
"DNA crosslinker",0.254,0.27,0.003,0.095,0.032,0.116,0.28,0.39,0.024,0.006,0.335
"Microtubule destabiliser",0.167,0.178,0.024,0.293,0.161,0.332,0.306,0.03,0.01,0.128,0.464
"AR",0.069,0.113,0.341,0.05,0.074,0.314,0.465,0.289,0.253,0.017,0.339
"ATM",0.341,0.173,0.161,0.009,0.024,0.165,0.249,0.089,0.009,0.403,0.082
"FLT1",0.321,0.368,0.408,0,0,0.393,0.236,0,0.001,0.211,0.066
"GSK3A",0.033,0.1,0.011,0.069,0.061,0.308,0.179,0.339,0.031,0.048,0.165
"GSK3B",0.044,0.233,0.182,0.282,0.284,0.045,0.493,0.018,0.565,0.003,0.079
"PDGFRA",0.401,0.298,0.006,0.295,0,0.108,0.215,0.013,0.018,0.244,0.405
"VEGFR2",0.495,0.125,0.461,0.01,0.006,0.316,0.057,0.047,0.114,0.039,0.318
"FGFR1",0.357,0.053,0.049,0.001,0.093,0.111,0.218,0.38,0.357,0.003,0.091
"TIE2",0.393,0.285,0.415,0,0,0.117,0.184,0.026,0.018,0.406,0.214
"JNK2",0.027,0.115,0.456,0.417,0.38,0.078,0.6,0.573,0.397,0.489,0.431
"BRD2",0.272,0.433,0.021,0.128,0,0.217,0.293,0.006,0.254,0.053,0.138
"BRD3",0.302,0.066,0.128,0.208,0.176,0.489,0.304,0.389,0.302,0.613,0.342
"BRD4",0.281,0.049,0.361,0.236,0.407,0.169,0.382,0.486,0.364,0.004,0.093
"BRDT",0.183,0.001,0.346,0.262,0.08,0.085,0.138,0.019,0.383,0.091,0.293
"FNTA",0.083,0.38,0.023,0.501,0,0.209,0.446,0.011,0.038,0.12,0.213
"PDK1 (PDPK1)",0.479,0.394,0.103,0.191,0.004,0.148,0.128,0.362,0.362,0.233,0.049
"BCL2",0.018,0.26,0.256,0.079,0.019,0.434,0.272,0.206,0.527,0.392,0.559
"BCL-XL",0.1,0.232,0.165,0.41,0.011,0.122,0.118,0.297,0.383,0.1,0.388
"BCL-W",0.135,0.011,0.133,0.096,0.235,0.112,0.158,0.513,0.48,0.079,0.364
"MCL1",0.051,0.19,0.155,0.284,0,0.356,0.394,0.007,0.131,0.01,0.04
"dsDNA break",0.006,0.177,0.238,0.238,0.008,0.11,0.161,0.001,0.002,0.079,0.401
"BTK",0.066,0.464,0.178,0.516,0.217,0.027,0.354,0.455,0.149,0.292,0.432
"HSP90",0.176,0.514,0.071,0.34,0,0.303,0.312,0,0.003,0.004,0.573
"PDGFRB",0.191,0.053,0.435,0.008,0.001,0.158,0.277,0.004,0.175,0.379,0.394
"IKK2",0.099,0.288,0.388,0.002,0.162,0.314,0.19,0.324,0.318,0.279,0.131
"Amyloid beta20",0.146,0.085,0.14,0.041,0.079,0.133,0.363,0.067,0.031,0.014,0.373
"Amyloid beta40",0.126,0.453,0.156,0.418,0.135,0.338,0.21,0.48,0.457,0.013,0.452
"JAK2",0.248,0.12,0.047,0.041,0.239,0.199,0.157,0.151,0.285,0.185,0.22
"JNK1",0.111,0.161,0.024,0.072,0.089,0.127,0.549,0.281,0.163,0.079,0.521
"CDK6",0.272,0.063,0.054,0.232,0.006,0.115,0.416,0,0.225,0.481,0.54
"PI3K (class 1)",0.391,0.066,0.188,0.004,0.096,0.296,0.413,0.126,0.121,0.377,0.354
"PI3Kgamma",0.07,0.446,0.035,0.445,0.445,0.493,0.344,0.178,0.088,0.288,0.521
"RSK",0.29,0.232,0.475,0.082,0.001,0.191,0.399,0.021,0.096,0.01,0.062
"G9a and GLP",0.147,0.139,0.053,0.066,0.35,0.487,0.488,0.418,0.011,0.201,0.058
"FLT4",0.006,0.146,0.28,0.018,0.138,0.452,0.209,0.014,0.283,0.067,0.311
"NTRK2",0.014,0.02,0.093,0.09,0.001,0.335,0.321,0,0.045,0.52,0.587
"LTK",0.342,0.112,0.211,0.224,0.434,0.023,0.291,0.273,0.004,0.045,0.498
"TAK1",0.047,0.335,0.284,0.186,0.017,0.135,0.097,0.009,0.024,0.366,0.325
"ERK2",0.521,0.089,0.044,0.074,0.274,0.507,0.253,0.047,0.07,0.518,0.069
"HDAC6",0.298,0.08,0.321,0.325,0.089,0.03,0.374,0.092,0.378,0.355,0.442
"VEGFR1",0.121,0.562,0.502,0.187,0.435,0.398,0.481,0.093,0.206,0.11,0.039
"VEGFR3",0.472,0.234,0.036,0.007,0.44,0.013,0.402,0.412,0.084,0.168,0.341
"MTORC2",0.092,0.117,0.371,0.358,0.072,0.318,0.33,0.17,0.452,0.261,0.183
"PIM3",0.025,0.503,0.007,0.199,0.019,0.134,0.034,0.019,0.377,0.361,0.025
"ALK5",0.319,0.091,0.109,0.18,0.189,0.383,0.5,0.04,0.085,0.054,0.365
"TNKS1",0.071,0.44,0.094,0.114,0.001,0.152,0.165,0,0.357,0.19,0.271
"TNKS2",0.141,0.327,0.119,0.102,0.004,0.429,0.547,0.005,0.337,0.111,0.413
"TOP1",0.043,0.184,0.071,0.246,0.154,0.216,0.159,0.003,0.031,0.058,0.573
"Antimetabolite",0.237,0.476,0.001,0.175,0.483,0.31,0.354,0.26,0.272,0.139,0.458
"MEK1",0.056,0.156,0.404,0.307,0.309,0.17,0.204,0.222,0.348,0.03,0.043
"MEK2",0.029,0.033,0.575,0.16,0.394,0.17,0.339,0.411,0.267,0.013,0.035
"PARP1",0.093,0.503,0.592,0.324,0.13,0.197,0.302,0.085,0.04,0.28,0.32
"PARP2",0.364,0.125,0.156,0.394,0.34,0.016,0.236,0.331,0.168,0.099,0.192
"CHEK1",0.022,0.216,0,0.195,0.387,0.325,0.402,0.117,0.296,0.081,0.385
"NTRK1",0.251,0.415,0.004,0.265,0.03,0.501,0.233,0.006,0.44,0.132,0.406
"p38",0.238,0.135,0.261,0.539,0.445,0.194,0.17,0.574,0.163,0.033,0.398
"MDM2",0.08,0.42,0.074,0.163,0.344,0.476,0.186,0.172,0.369,0.227,0.039
