"","EGFR","Hypoxia","JAK.STAT","MAPK","NFkB","PI3K","TGFb","TNFa","Trail","VEGF","p53"
"EGFR",0.242,0.022,0.406,0.117,0.044,0.051,0.264,0.41,0.419,0.298,0.442
"MTORC1",0.006,0.082,0.026,0.083,0,0.058,0.117,0.033,0.207,0.017,0.119
"PDGFR",0.007,0.02,0.105,0.18,0.134,0.023,0.33,0.111,0.206,0.07,0.229
"KIT",0.196,0.065,0.008,0.273,0.082,0.454,0.134,0.393,0.481,0.126,0.444
"VEGFR",0.24,0.333,0.037,0.316,0.545,0.372,0.092,0.461,0.532,0.318,0.214
"FLT3",0.003,0.22,0.036,0.201,0.267,0.043,0.553,0.333,0.47,0.268,0.024
"RET",0.002,0.115,0.086,0.045,0.311,0.146,0.324,0.021,0.513,0.263,0.064
"CSF1R",0.118,0.09,0.335,0.325,0.046,0.3,0.129,0.224,0.159,0.043,0.152
"MET",0.176,0.08,0.06,0.386,0.319,0.179,0.469,0.092,0.122,0.006,0.026
"Proteasome",0.113,0.234,0.082,0.144,0.048,0.376,0.493,0.486,0.183,0.075,0.135
"Microtubule stabiliser",0.531,0.493,0.032,0.196,0.064,0.293,0.146,0.052,0.525,0.118,0.055
"SMO",0.124,0.009,0.07,0.363,0.005,0.091,0.031,0.143,0.385,0.296,0.162
"BRAF",0,0.027,0.231,0.022,0.164,0.064,0.38,0.26,0.498,0.092,0.302
"AURKA",0.245,0.253,0.227,0.145,0.561,0.45,0.296,0.024,0.3,0.266,0.205
"AURKB",0.098,0.155,0.059,0.175,0.001,0.097,0.178,0.025,0.398,0.044,0.346
"AURKC",0.004,0.018,0.168,0.006,0.19,0.183,0.269,0.073,0.118,0.438,0.464
"ABL",0.284,0.017,0.17,0.2,0.025,0.028,0.141,0.223,0.511,0.421,0.448
"ALK",0,0.013,0.005,0.122,0,0.044,0.011,0.139,0.283,0.003,0.257
"SRC",0.185,0.18,0.07,0.397,0.444,0.265,0.529,0.005,0.153,0.058,0.522
"CDK1",0.059,0.246,0.563,0.194,0.59,0.132,0.252,0.098,0.283,0.169,0.071
"CDK2",0.001,0.006,0.027,0.082,0.001,0.018,0.362,0.161,0.136,0.209,0.111
"CDK5",0.394,0.001,0.112,0.327,0.364,0.284,0.393,0.133,0.423,0.407,0.434
"CDK7",0.015,0.116,0.024,0.204,0,0.144,0.014,0.058,0.352,0.004,0.231
"CDK9",0.002,0.017,0.582,0.018,0.002,0.033,0.336,0.158,0.296,0.055,0.096
"PKC",0.502,0.037,0.081,0.319,0.023,0.226,0.187,0.512,0.429,0.048,0.039
"CDK4",0,0.004,0.001,0.002,0.079,0.069,0.459,0.446,0.001,0.141,0.343
"LCK",0.019,0.116,0.025,0.075,0.004,0.078,0.327,0.319,0.029,0.118,0.254
"BMX",0.054,0.207,0.282,0.194,0.339,0.294,0.386,0.023,0.331,0.02,0.287
"PLK1",0.195,0.5,0.002,0.214,0.001,0.21,0.185,0.085,0.538,0.008,0.182
"PLK3",0.002,0.016,0.001,0.089,0,0.041,0.144,0.047,0.23,0.105,0.218
"IGF1R",0.013,0.077,0.094,0.355,0.046,0.393,0.104,0.021,0.126,0.034,0.271
"IR",0.114,0.055,0.009,0.296,0.135,0.225,0.282,0.35,0.156,0.039,0.031
"MTOR",0.233,0.428,0.015,0.441,0.138,0.258,0.427,0.414,0.341,0.077,0.193
"AKT1",0.001,0.444,0.408,0.074,0.01,0.052,0.339,0.031,0.303,0.455,0.095
"AKT2",0.002,0.096,0.226,0.024,0.029,0.022,0.319,0.016,0.232,0.424,0.093
"AKT3",0.086,0.394,0.002,0.31,0.239,0.462,0.07,0.094,0.143,0.093,0.203
"HDAC1",0.267,0.291,0.164,0.079,0.062,0.238,0.35,0,0.315,0.46,0.188
"IKK",0.28,0.007,0.555,0.39,0.025,0.229,0.428,0.345,0.364,0.473,0.231
"PI3Kbeta",0.126,0.012,0.068,0.351,0.014,0.488,0.395,0.251,0.223,0.177,0.149
"ERK5",0.001,0.008,0.153,0.054,0.075,0.048,0.47,0.391,0.297,0.219,0.115
"ERBB2",0.328,0.084,0.473,0.215,0.196,0.408,0.289,0.48,0.128,0.471,0.43
"ROCK1",0.041,0.107,0.075,0.203,0.048,0.093,0.548,0.197,0.33,0.063,0.205
"ROCK2",0.003,0.063,0.001,0.191,0.083,0.065,0.143,0.273,0.287,0.211,0.359
"DNA crosslinker",0.267,0.035,0.243,0.349,0.007,0.14,0.44,0.112,0.224,0.28,0.49
"Microtubule destabiliser",0.453,0.041,0.132,0.25,0.518,0.273,0.524,0.441,0.289,0.443,0.056
"AR",0.19,0.008,0.546,0.481,0.005,0.09,0.39,0.138,0.166,0.241,0.456
"ATM",0.347,0.042,0.232,0.476,0.008,0.223,0.378,0.23,0.202,0.276,0.196
"FLT1",0.153,0.155,0.04,0.369,0.263,0.402,0.18,0.044,0.443,0.347,0.284
"GSK3A",0.328,0.017,0.079,0.314,0.018,0.512,0.358,0.264,0.597,0.014,0.194
"GSK3B",0.03,0.461,0.011,0.583,0.257,0.196,0.319,0.138,0.549,0.28,0.128
"PDGFRA",0.324,0.008,0.222,0.234,0.191,0.23,0.373,0.082,0.025,0.394,0.513
"VEGFR2",0.092,0.012,0.351,0.442,0.03,0.17,0.406,0.249,0.168,0.404,0.492
"FGFR1",0.307,0.333,0.199,0.14,0.19,0.379,0.274,0.108,0.132,0.177,0.432
"TIE2",0.12,0.084,0.175,0.121,0.149,0.044,0.295,0.138,0.433,0.251,0.194
"JNK2",0.035,0.489,0.004,0.054,0,0.229,0.527,0.527,0.351,0.161,0.384
"BRD2",0.314,0.429,0.262,0.405,0.003,0.157,0.315,0.006,0.295,0.421,0.414
"BRD3",0.212,0.044,0.421,0.449,0.356,0.344,0.472,0.147,0.407,0.054,0.409
"BRD4",0.009,0.069,0.407,0.221,0.41,0.05,0.446,0.223,0.336,0.057,0.143
"BRDT",0.002,0.02,0.01,0.057,0.043,0.062,0.155,0.184,0.361,0.068,0.069
"FNTA",0.427,0.018,0.155,0.44,0.032,0.378,0.027,0.095,0.256,0.238,0.004
"PDK1 (PDPK1)",0.393,0.523,0.197,0.119,0.073,0.164,0.174,0.449,0.15,0.063,0.393
"BCL2",0,0.043,0.447,0.006,0.516,0.005,0.447,0.058,0.015,0.205,0.418
"BCL-XL",0.206,0.253,0.145,0.144,0.099,0.213,0.419,0.108,0.048,0.205,0.373
"BCL-W",0.129,0.251,0.321,0.362,0.007,0.164,0.08,0.013,0.046,0.197,0.043
"MCL1",0.141,0.315,0.006,0.273,0.018,0.56,0.231,0.069,0.043,0.018,0.083
"dsDNA break",0.474,0.058,0.251,0.429,0.04,0.112,0.375,0.242,0.414,0.325,0.436
"BTK",0.183,0.413,0.307,0.493,0.311,0.089,0.293,0.171,0.041,0.295,0.32
"HSP90",0.237,0.106,0.323,0.313,0.222,0.064,0.279,0.07,0.165,0.25,0.14
"PDGFRB",0.028,0.008,0.032,0.144,0.014,0.335,0.268,0.102,0.134,0.157,0.154
"IKK2",0.365,0.271,0.104,0.384,0.122,0.481,0.39,0.187,0.368,0.143,0.011
"Amyloid beta20",0.178,0.015,0.258,0.432,0.31,0.382,0.208,0.022,0.434,0.183,0.231
"Amyloid beta40",0.296,0.353,0.048,0.141,0.106,0.297,0.291,0.003,0.478,0.382,0.367
"JAK2",0.02,0.026,0.358,0.231,0.021,0.093,0.393,0.065,0.1,0.351,0.19
"JNK1",0.028,0.01,0.309,0.011,0.271,0.244,0.316,0.044,0.335,0.347,0.003
"CDK6",0.272,0.02,0.03,0.109,0,0.105,0.045,0.092,0.293,0.037,0.287
"PI3K (class 1)",0.055,0.028,0.1,0.193,0.089,0.34,0.172,0.329,0.072,0.505,0.322
"PI3Kgamma",0.084,0.449,0.256,0.082,0.081,0.312,0.359,0.156,0.284,0.229,0.006
"RSK",0.207,0.145,0.13,0.202,0.085,0.396,0.375,0.363,0.44,0.385,0.43
"G9a and GLP",0.264,0.043,0.033,0.336,0.063,0.467,0.188,0.453,0.04,0.08,0.485
"FLT4",0.195,0.059,0.006,0.405,0.003,0.395,0.228,0.033,0.182,0.02,0.206
"NTRK2",0.213,0.224,0.288,0.416,0.088,0.27,0.277,0.139,0.347,0.083,0.373
"LTK",0.399,0.209,0.067,0.284,0.26,0.332,0.511,0.446,0.442,0.339,0.13
"TAK1",0.115,0.532,0.095,0.04,0.085,0.085,0.11,0.36,0.248,0.369,0.033
"ERK2",0.124,0.033,0.006,0.293,0.009,0.216,0.146,0.014,0.084,0.078,0.076
"HDAC6",0.021,0.377,0.002,0.246,0.001,0.058,0.042,0.281,0.264,0.014,0.14
"VEGFR1",0.312,0.092,0.318,0.332,0.016,0.136,0.114,0.151,0.582,0.242,0.121
"VEGFR3",0.34,0.153,0.235,0.177,0.021,0.085,0.166,0.523,0.507,0.407,0.159
"MTORC2",0.035,0.035,0.026,0.368,0.001,0.062,0.066,0.488,0.38,0.005,0.386
"PIM3",0.342,0.309,0.129,0.009,0.234,0.074,0.194,0.08,0.114,0.141,0.268
"ALK5",0.03,0.219,0.243,0.303,0.411,0.628,0.344,0.119,0.343,0.546,0.007
"TNKS1",0.224,0.113,0.023,0.079,0.07,0.199,0.283,0.061,0.405,0.179,0.087
"TNKS2",0.132,0.003,0.043,0.058,0.146,0.191,0.375,0.105,0.179,0.339,0.151
"TOP1",0.397,0.111,0.537,0.215,0.159,0.289,0.538,0.466,0.165,0.298,0.476
"Antimetabolite",0.425,0.246,0.363,0.18,0.468,0.275,0.424,0.137,0.403,0.019,0.516
"MEK1",0.042,0.103,0.095,0.018,0.337,0.315,0.137,0.278,0.211,0.555,0.063
"MEK2",0,0.457,0.305,0,0.019,0.044,0.156,0.385,0.227,0.188,0.04
"PARP1",0.026,0.215,0.325,0.029,0.024,0.112,0.337,0.438,0.514,0.183,0.505
"PARP2",0.312,0.397,0.533,0.067,0.119,0.305,0.46,0.322,0.386,0.386,0.535
"CHEK1",0.034,0.451,0.528,0.34,0.084,0.11,0.508,0.14,0.292,0.056,0.214
"NTRK1",0.123,0.618,0.003,0.542,0.299,0.452,0.189,0.513,0.269,0.132,0.218
"p38",0.469,0.417,0.084,0.181,0.093,0.417,0.101,0.336,0.447,0.498,0.163
"MDM2",0.026,0.267,0.029,0.058,0.049,0.202,0.188,0.282,0.413,0.265,0.003
