"","EGFR","Hypoxia","JAK.STAT","MAPK","NFkB","PI3K","TGFb","TNFa","Trail","VEGF","p53"
"EGFR",1,0.564717063492063,1,0.971645535714286,0.564717063492063,0.564717063492063,1,1,1,1,1
"MTORC1",0.0996559523809524,0.344643501984127,0.21592123015873,0.344643501984127,0,0.321113624338624,0.395301944444444,0.219243095238095,0.62511461038961,0.188239021164021,0.395301944444444
"PDGFR",0.232530555555556,0.254676322751323,0.61454503968254,0.747419642857143,0.635899886621315,0.254676322751323,0.996559523809524,0.61454503968254,0.760338007054674,0.581326388888889,0.760707103174603
"KIT",1,0.890259841269841,0.265749206349206,1,0.890259841269841,1,0.890259841269841,1,1,0.890259841269841,1
"VEGFR",1,1,1,1,1,1,1,1,1,1,1
"FLT3",0.0996559523809524,1,0.357100496031746,1,1,0.357100496031746,1,1,1,1,0.357100496031746
"RET",0.0664373015873016,0.636690806878307,0.571360793650794,0.498279761904762,1,0.692846145124717,1,0.348795833333333,1,1,0.531498412698413
"CSF1R",0.754537925170068,0.754537925170068,1,1,0.754537925170068,1,0.754537925170068,0.930122222222222,0.754537925170068,0.754537925170068,0.754537925170068
"MET",0.743267311507936,0.611223174603175,0.611223174603175,1,1,0.743267311507936,1,0.611223174603175,0.6754458994709,0.199311904761905,0.43184246031746
"Proteasome",0.797247619047619,0.971645535714286,0.797247619047619,0.797247619047619,0.797247619047619,1,1,1,0.868430442176871,0.797247619047619,0.797247619047619
"Microtubule stabiliser",1,1,0.531498412698413,0.930122222222222,0.531498412698413,1,0.808320502645503,0.531498412698413,1,0.783960158730159,0.531498412698413
"SMO",0.672677678571429,0.149483928571429,0.581326388888889,1,0.149483928571429,0.604579444444444,0.343259391534392,0.672677678571429,1,1,0.672677678571429
"BRAF",0,0.298967857142857,1,0.298967857142857,0.907976455026455,0.531498412698413,1,1,1,0.611223174603175,1
"AURKA",1,1,1,1,1,1,1,0.797247619047619,1,1,1
"AURKB",0.542571296296296,0.656991093474427,0.489975099206349,0.656991093474427,0.0332186507936508,0.542571296296296,0.656991093474427,0.415233134920635,1,0.487206878306878,1
"AURKC",0.0996559523809524,0.199311904761905,0.788942956349206,0.0996559523809524,0.788942956349206,0.788942956349206,0.992868562610229,0.606240376984127,0.783960158730159,1,1
"ABL",1,0.310040740740741,1,1,0.310040740740741,0.310040740740741,1,1,1,1,1
"ALK",0,0.0719737433862434,0.0415233134920635,0.506584424603175,0,0.208802947845805,0.0719737433862434,0.51304360670194,0.854625288600289,0.0332186507936508,0.853719325396825
"SRC",1,1,0.775101851851852,1,1,1,1,0.166093253968254,1,0.775101851851852,1
"CDK1",1,1,1,1,1,1,1,1,1,1,1
"CDK2",0.0166093253968254,0.0664373015873016,0.179380714285714,0.453988227513228,0.0166093253968254,0.149483928571429,1,0.59424475308642,0.564717063492064,0.694269801587302,0.526752891156463
"CDK5",1,0.0332186507936508,1,1,1,1,1,1,1,1,1
"CDK7",0.12456994047619,0.550480498866213,0.159449523809524,0.752956084656085,0,0.597935714285714,0.12456994047619,0.321113624338624,1,0.0664373015873016,0.767350833333333
"CDK9",0.0332186507936508,0.149483928571429,1,0.149483928571429,0.0332186507936508,0.219243095238095,1,0.656068353174603,1,0.304504298941799,0.455570068027211
"PKC",1,0.39862380952381,0.538142142857143,1,0.39862380952381,1,1,1,1,0.39862380952381,0.39862380952381
"CDK4",0,0.0265749206349206,0.0110728835978836,0.0166093253968254,0.374896201814059,0.374896201814059,1,1,0.0110728835978836,0.585478720238095,1
"LCK",0.240835218253968,0.489975099206349,0.240835218253968,0.43184246031746,0.132874603174603,0.43184246031746,0.987499891774892,0.987499891774892,0.240835218253968,0.489975099206349,0.937504144620811
"BMX",0.597935714285714,1,1,1,1,1,1,0.382014484126984,1,0.382014484126984,1
"PLK1",0.78986569664903,1,0.0332186507936508,0.78986569664903,0.0332186507936508,0.78986569664903,0.78986569664903,0.705896329365079,1,0.0885830687830688,0.78986569664903
"PLK3",0.0221457671957672,0.132874603174603,0.0166093253968254,0.42235141723356,0,0.260212764550265,0.531498412698413,0.260212764550265,0.694571789321789,0.435994791666667,0.694571789321789
"IGF1R",0.348795833333333,0.493534240362812,0.493534240362812,1,0.382014484126984,1,0.493534240362812,0.348795833333333,0.52319375,0.376478042328042,1
"IR",0.740301360544218,0.456756448412698,0.298967857142857,0.983272063492064,0.740301360544218,0.934274553571429,0.983272063492064,1,0.740301360544218,0.43184246031746,0.43184246031746
"MTOR",1,1,0.498279761904762,1,1,1,1,1,1,1,1
"AKT1",0.0332186507936508,1,1,0.491636031746032,0.166093253968254,0.43184246031746,1,0.343259391534392,1,1,0.525961970899471
"AKT2",0.0664373015873016,0.455570068027211,0.856302998236332,0.192668174603175,0.192668174603175,0.192668174603175,1,0.192668174603175,0.856302998236332,1,0.455570068027211
"AKT3",0.624510634920635,1,0.0664373015873016,1,0.992407192460317,1,0.624510634920635,0.624510634920635,0.791711177248677,0.624510634920635,0.963340873015873
"HDAC1",1,1,1,0.874757804232804,0.874757804232804,1,1,0,1,1,1
"IKK",1,0.232530555555556,1,1,0.415233134920635,1,1,1,1,1,1
"PI3Kbeta",0.979950198412698,0.232530555555556,0.752956084656085,1,0.232530555555556,1,1,1,1,0.979950198412698,0.979950198412698
"ERK5",0.0332186507936508,0.132874603174603,0.726064795918367,0.448451785714286,0.498279761904762,0.448451785714286,1,1,1,0.90936056547619,0.636690806878307
"ERBB2",1,1,1,1,1,1,1,1,1,1,1
"ROCK1",0.592399272486772,0.592399272486772,0.592399272486772,0.756647045855379,0.592399272486772,0.592399272486772,1,0.756647045855379,1,0.592399272486772,0.756647045855379
"ROCK2",0.0498279761904762,0.539803075396825,0.0332186507936508,0.87614191468254,0.551429603174603,0.539803075396825,0.791711177248677,0.953375277777778,0.953375277777778,0.87614191468254,1
"DNA crosslinker",1,0.581326388888889,1,1,0.232530555555556,1,1,1,1,1,1
"Microtubule destabiliser",1,0.930122222222222,1,1,1,1,1,1,1,1,0.930122222222222
"AR",1,0.132874603174603,1,1,0.132874603174603,0.996559523809524,1,1,1,1,1
"ATM",1,0.697591666666667,1,1,0.265749206349206,1,1,1,1,1,1
"FLT1",1,1,0.730810317460317,1,1,1,1,0.730810317460317,1,1,1
"GSK3A",1,0.199311904761905,0.656068353174603,1,0.199311904761905,1,1,1,1,0.199311904761905,1
"GSK3B",0.498279761904762,1,0.365405158730159,1,1,1,1,1,1,1,1
"PDGFRA",1,0.265749206349206,1,1,1,1,1,0.907976455026455,0.415233134920635,1,1
"VEGFR2",1,0.39862380952381,1,1,0.498279761904762,1,1,1,1,1,1
"FGFR1",1,1,1,1,1,1,1,1,1,1,1
"TIE2",0.805552281746032,0.805552281746032,0.805552281746032,0.805552281746032,0.805552281746032,0.805552281746032,0.979950198412698,0.805552281746032,1,0.926431261022928,0.805552281746032
"JNK2",0.387550925925926,1,0.0664373015873016,0.448451785714286,0,1,1,1,1,1,1
"BRD2",1,1,1,1,0.0996559523809524,1,1,0.0996559523809524,1,1,1
"BRD3",1,0.896903571428571,1,1,1,1,1,1,1,0.896903571428571,1
"BRD4",0.298967857142857,0.573021726190476,1,1,1,0.573021726190476,1,1,1,0.573021726190476,0.950053412698413
"BRDT",0.0664373015873016,0.221457671957672,0.166093253968254,0.286510863095238,0.286510863095238,0.286510863095238,0.572098985890653,0.611223174603175,1,0.286510863095238,0.286510863095238
"FNTA",1,0.265749206349206,0.858148478835979,1,0.265749206349206,1,0.265749206349206,0.631154365079365,1,1,0.132874603174603
"PDK1 (PDPK1)",1,1,0.934867743764172,0.934867743764172,0.934867743764172,0.934867743764172,0.934867743764172,1,0.934867743764172,0.934867743764172,1
"BCL2",0,0.285680396825397,1,0.0664373015873016,1,0.0664373015873016,1,0.321113624338624,0.12456994047619,0.972831916099773,1
"BCL-XL",0.884446577380952,0.933813183421517,0.884446577380952,0.884446577380952,0.884446577380952,0.884446577380952,1,0.884446577380952,0.884446577380952,0.884446577380952,1
"BCL-W",0.714200992063492,0.926431261022928,1,1,0.21592123015873,0.778265532879819,0.531498412698413,0.21592123015873,0.382014484126984,0.818009275793651,0.382014484126984
"MCL1",0.669118537414966,1,0.199311904761905,1,0.199311904761905,1,0.959188541666667,0.458417380952381,0.357100496031746,0.199311904761905,0.459524669312169
"dsDNA break",1,0.963340873015873,1,1,0.963340873015873,1,1,1,1,1,1
"BTK",1,1,1,1,1,1,1,1,1,1,1
"HSP90",0.975420382395382,0.975420382395382,0.975420382395382,0.975420382395382,0.975420382395382,0.975420382395382,0.975420382395382,0.975420382395382,0.975420382395382,0.975420382395382,0.975420382395382
"PDGFRB",0.265749206349206,0.232530555555556,0.265749206349206,0.579480908289242,0.232530555555556,1,0.890259841269841,0.579480908289242,0.579480908289242,0.579480908289242,0.579480908289242
"IKK2",1,1,1,1,1,1,1,1,1,1,0.365405158730159
"Amyloid beta20",1,0.365405158730159,1,1,1,1,1,0.365405158730159,1,1,1
"Amyloid beta40",1,1,0.797247619047619,1,1,1,1,0.0996559523809524,1,1,1
"JAK2",0.287894973544974,0.287894973544974,1,0.959188541666667,0.287894973544974,0.55364417989418,1,0.539803075396825,0.55364417989418,1,0.901649092970522
"JNK1",0.232530555555556,0.12180171957672,1,0.12180171957672,1,1,1,0.292324126984127,1,1,0.0996559523809524
"CDK6",0.884824062049062,0.298967857142857,0.298967857142857,0.452604117063492,0,0.452604117063492,0.298967857142857,0.452604117063492,0.884824062049062,0.298967857142857,0.884824062049062
"PI3K (class 1)",0.664373015873016,0.664373015873016,0.664373015873016,0.915885657596372,0.664373015873016,1,0.915885657596372,1,0.664373015873016,1,1
"PI3Kgamma",0.697591666666667,1,1,0.697591666666667,0.697591666666667,1,1,1,1,1,0.199311904761905
"RSK",1,1,1,1,1,1,1,1,1,1,1
"G9a and GLP",1,0.476133994708995,0.476133994708995,1,0.52319375,1,1,1,0.476133994708995,0.531498412698413,1
"FLT4",0.841539153439153,0.391980079365079,0.0996559523809524,1,0.0996559523809524,1,0.841539153439153,0.274053869047619,0.841539153439153,0.221457671957672,0.841539153439153
"NTRK2",1,1,1,1,1,1,1,1,1,1,1
"LTK",1,1,1,1,1,1,1,1,1,1,1
"TAK1",0.545734977324263,1,0.545734977324263,0.545734977324263,0.545734977324263,0.545734977324263,0.545734977324263,1,1,1,0.545734977324263
"ERK2",0.514889087301587,0.274053869047619,0.149483928571429,0.884824062049062,0.149483928571429,0.717522857142857,0.538880335097002,0.15502037037037,0.39862380952381,0.39862380952381,0.39862380952381
"HDAC6",0.174397916666667,1,0.0332186507936508,0.933444087301587,0.0332186507936508,0.321113624338624,0.279036666666667,0.933444087301587,0.933444087301587,0.15502037037037,0.664373015873016
"VEGFR1",1,0.836002711640212,1,1,0.531498412698413,0.836002711640212,0.836002711640212,0.836002711640212,1,1,0.836002711640212
"VEGFR3",1,0.979950198412698,1,0.979950198412698,0.697591666666667,0.979950198412698,0.979950198412698,1,1,1,0.979950198412698
"MTORC2",0.232530555555556,0.232530555555556,0.232530555555556,1,0.0332186507936508,0.313204421768707,0.313204421768707,1,1,0.083046626984127,1
"PIM3",1,1,0.780638293650794,0.298967857142857,0.971645535714286,0.780638293650794,0.920631179138322,0.780638293650794,0.780638293650794,0.780638293650794,0.989177601410935
"ALK5",0.498279761904762,1,1,1,1,1,1,1,1,1,0.232530555555556
"TNKS1",0.826775308641975,0.625617923280423,0.578004523809524,0.578004523809524,0.578004523809524,0.826313938492064,0.940087817460317,0.578004523809524,1,0.826313938492064,0.578004523809524
"TNKS2",0.704973589065256,0.0996559523809524,0.642227248677249,0.642227248677249,0.704973589065256,0.704973589065256,1,0.704973589065256,0.704973589065256,1,0.704973589065256
"TOP1",1,1,1,1,1,1,1,1,1,1,1
"Antimetabolite",1,1,1,1,1,1,1,1,1,0.631154365079365,1
"MEK1",0.684304206349206,0.684304206349206,0.684304206349206,0.597935714285714,1,1,0.758492526455027,1,1,1,0.684304206349206
"MEK2",0,1,1,0,0.210384788359788,0.292324126984127,0.863684920634921,1,0.942579216269841,0.892158049886621,0.292324126984127
"PARP1",0.321113624338624,1,1,0.321113624338624,0.321113624338624,0.930122222222222,1,1,1,1,1
"PARP2",1,1,1,1,1,1,1,1,1,1,1
"CHEK1",0.913512896825397,1,1,1,0.913512896825397,0.913512896825397,1,0.930122222222222,1,0.913512896825397,1
"NTRK1",1,1,0.0996559523809524,1,1,1,1,1,1,1,1
"p38",1,1,1,1,1,1,1,1,1,1,1
"MDM2",0.321113624338624,0.936765952380952,0.321113624338624,0.385336349206349,0.385336349206349,0.936765952380952,0.936765952380952,0.936765952380952,1,0.936765952380952,0.0996559523809524
