"","EGFR","Hypoxia","JAK.STAT","MAPK","NFkB","PI3K","TGFb","TNFa","Trail","VEGF","p53"
"EGFR",1,1,1,0,1,1,1,0.498279761904762,1,1,1
"MTORC1",0.797247619047619,1,1,0.730810317460317,0.365405158730159,0.680982341269841,0.797247619047619,0.797247619047619,1,0.797247619047619,0.797247619047619
"PDGFR",1,1,1,0.775101851851852,0.775101851851852,1,0.930122222222222,0.810535079365079,0.930122222222222,0.0664373015873016,0.810535079365079
"KIT",0.348795833333333,0.677660476190476,0.996559523809524,0.232530555555556,0.531498412698413,0.996559523809524,0.996559523809524,1,0.996559523809524,0.677660476190476,0.996559523809524
"VEGFR",0.730810317460317,0.0664373015873016,1,0.768181299603175,0.0166093253968254,0.730810317460317,1,0,0.423537797619048,0.730810317460317,1
"FLT3",0.759283446712018,0.438486190476191,0.620081481481481,0.221457671957672,1,0.901055902777778,0.930122222222222,0.438486190476191,0.132874603174603,1,0.199311904761905
"RET",0.218293990929705,1,0.0863684920634921,0.0498279761904762,0.321113624338624,0.290663194444444,0.218293990929705,0.0863684920634921,0.0498279761904762,0.63447623015873,0.0863684920634921
"CSF1R",1,1,1,1,1,1,1,1,1,1,1
"MET",0.752956084656085,1,1,1,1,0.752956084656085,0.752956084656085,1,1,1,1
"Proteasome",1,1,1,1,1,1,1,0.581326388888889,0.752956084656085,0.498279761904762,1
"Microtubule stabiliser",1,0.548107738095238,0.87106684303351,0.87106684303351,0.87106684303351,1,0.87106684303351,0.0332186507936508,0.87106684303351,0.87106684303351,0.87106684303351
"SMO",1,0.946731547619048,1,0.498279761904762,1,1,1,1,1,1,1
"BRAF",1,1,1,0.132874603174603,1,1,1,1,1,0.182702579365079,1
"AURKA",1,1,1,1,1,1,1,0.465061111111111,1,1,1
"AURKB",1,0.923478492063492,1,1,0.132874603174603,1,1,0,1,0.21592123015873,0.0996559523809524
"AURKC",1,1,0.143947486772487,1,0.0332186507936508,0.95503621031746,1,0.0332186507936508,1,1,1
"ABL",1,1,1,0.556412400793651,1,0.556412400793651,0.556412400793651,0.83711,1,0.332186507936508,1
"ALK",1,0.476133994708995,0.0664373015873016,1,1,0.606240376984127,1,1,1,1,0.476133994708995
"SRC",1,1,1,1,1,0.581326388888889,1,1,0.0664373015873016,1,1
"CDK1",0.564717063492063,0.564717063492063,0.0332186507936508,0.177166137566138,0.0332186507936508,1,0.852612037037037,0.589631051587302,0.564717063492063,0.589631051587302,1
"CDK2",0.265749206349206,1,0.21592123015873,1,1,0.21592123015873,1,1,0.265749206349206,1,1
"CDK5",0.40526753968254,1,0.40526753968254,1,1,0.365405158730159,0.647763690476191,1,0.40526753968254,0.40526753968254,1
"CDK7",1,1,0.265749206349206,1,1,0.520425529100529,1,1,1,0.520425529100529,1
"CDK9",0.287894973544974,1,0.179380714285714,1,0.450824546485261,0.179380714285714,0.946731547619048,0.179380714285714,0.179380714285714,0.179380714285714,1
"PKC",1,1,1,1,1,0.822161607142857,0.822161607142857,0.822161607142857,1,0.822161607142857,1
"CDK4",1,1,1,1,1,1,1,0.963340873015873,1,1,1
"LCK",0.506584424603175,0.816229705215419,1,0.816229705215419,0.0332186507936508,0.816229705215419,1,0.0332186507936508,0.43184246031746,0.95503621031746,1
"BMX",0.398623809523809,1,1,0,0.0664373015873016,0.847075595238095,1,0.406928472222222,1,1,0.544785873015873
"PLK1",1,0.697591666666667,0.348795833333333,0.76956541005291,0.76956541005291,0.76956541005291,1,0.232530555555556,1,1,1
"PLK3",1,1,0.996559523809524,1,1,0.481670436507937,1,1,1,0.481670436507937,1
"IGF1R",1,0.282358531746032,0.132874603174603,0.531498412698413,0.520425529100529,1,1,0.558073333333333,1,1,0.996559523809524
"IR",0.0996559523809524,0.376478042328042,0.564717063492063,0.564717063492063,1,0.332186507936508,1,1,1,0.564717063492063,0.564717063492063
"MTOR",1,1,1,0.70866455026455,0.70866455026455,1,0.70866455026455,1,1,1,1
"AKT1",1,1,0.506584424603175,0,0.382014484126984,0.506584424603175,1,1,1,1,1
"AKT2",1,1,1,1,1,1,1,1,1,1,1
"AKT3",1,1,0.656068353174603,0.0664373015873016,0.0166093253968254,1,1,0,1,1,1
"HDAC1",1,1,1,1,0.0996559523809524,1,1,0,1,1,1
"IKK",1,1,1,1,1,1,1,1,1,1,1
"PI3Kbeta",1,0.0332186507936508,0.82572074829932,1,0,0.82572074829932,0.82572074829932,0,1,1,0.82572074829932
"ERK5",0.531498412698413,0.664373015873016,0.166093253968254,1,0.697591666666667,0.323881845238095,0.221457671957672,0.575789947089947,0.697591666666667,0.221457671957672,1
"ERBB2",1,1,1,0,1,0.520425529100529,1,0.481670436507937,1,1,0.938426884920635
"ROCK1",0.92181755952381,0.92181755952381,0.92181755952381,0.92181755952381,0.647763690476191,0.92181755952381,1,0.92181755952381,1,0.647763690476191,1
"ROCK2",1,0.958595351473923,0.757385238095238,1,0.757385238095238,0.758492526455027,0.757385238095238,0.757385238095238,0.757385238095238,1,1
"DNA crosslinker",0.564717063492064,0.960320995670996,0.886937976190476,0.886937976190476,0.564717063492064,0.635306696428571,0.631154365079365,0,0.564717063492064,0.635306696428571,0.635306696428571
"Microtubule destabiliser",0.459524669312169,0.459524669312169,1,1,0.719737433862434,0.459524669312169,0.719737433862434,0.459524669312169,0.149483928571429,0.149483928571429,0.719737433862434
"AR",0.979950198412698,0.979950198412698,0.415233134920635,0.979950198412698,1,1,1,0.647763690476191,0.737454047619048,0.647763690476191,0.415233134920635
"ATM",0.933813183421517,0.888598908730159,0.888598908730159,0.620081481481481,0.888598908730159,0.888598908730159,1,0.498279761904762,1,0.498279761904762,0.888598908730159
"FLT1",0.983272063492064,1,0.174397916666667,0.174397916666667,0.219243095238095,0.441333503401361,0.293431415343915,0.9448860670194,0.631154365079365,0.174397916666667,0.0664373015873016
"GSK3A",1,1,1,1,1,1,1,1,1,1,1
"GSK3B",1,0.232530555555556,0.232530555555556,0.896903571428571,1,0.896903571428571,1,0.70866455026455,0.896903571428571,0.896903571428571,0.714200992063492
"PDGFRA",0.365405158730159,1,1,1,1,0.0664373015873016,1,1,1,1,1
"VEGFR2",0.873175963718821,0.873175963718821,0.390319146825397,1,0.232530555555556,1,0.116265277777778,0,1,1,0.518210952380952
"FGFR1",0.240835218253968,0.603472156084656,1,1,0.240835218253968,0.651916021825397,0.240835218253968,0.651916021825397,0.484992301587302,0.240835218253968,1
"TIE2",0.810535079365079,1,0.110728835978836,1,0.110728835978836,0.315577182539683,1,0,1,1,1
"JNK2",0.797247619047619,0.797247619047619,0.747419642857143,1,0.797247619047619,0.797247619047619,0.797247619047619,0.797247619047619,1,0.747419642857143,0.797247619047619
"BRD2",0.710879126984127,1,0.808320502645503,0.710879126984127,0.465061111111111,1,1,0,1,0.710879126984127,1
"BRD3",0.460315589569161,1,0.460315589569161,0.460315589569161,0.415233134920635,1,0.460315589569161,0,1,0.460315589569161,1
"BRD4",0.465061111111111,1,0.465061111111111,1,0.465061111111111,1,1,0.465061111111111,0.465061111111111,0.465061111111111,0.465061111111111
"BRDT",0.6754458994709,0.901055902777778,0.993237658730159,0.797247619047619,0.6754458994709,0.98548664021164,0.664373015873016,0.132874603174603,0.321113624338624,0.0664373015873016,1
"FNTA",1,1,1,1,0.822161607142857,1,0.903547301587302,0.822161607142857,0.822161607142857,0.822161607142857,1
"PDK1 (PDPK1)",1,0.0332186507936508,0.0498279761904762,0.703128108465608,0.773520011337869,0.12456994047619,0.834618601190476,0.166093253968254,1,1,0.110728835978836
"BCL2",1,1,1,1,0.531498412698413,1,1,0.697591666666667,1,0.531498412698413,1
"BCL-XL",1,1,1,1,1,1,1,1,1,1,1
"BCL-W",1,1,0.780638293650794,1,0.780638293650794,1,1,0.974413756613757,1,1,1
"MCL1",1,0.957804431216931,1,0.586862830687831,0.586862830687831,1,0.957804431216931,1,0.957804431216931,0.586862830687831,1
"dsDNA break",1,1,0.783960158730159,1,0.84944835600907,1,0.84944835600907,0.398623809523809,0.456756448412698,0.398623809523809,0.398623809523809
"BTK",0.166093253968254,0.887843939393939,0.374896201814059,0.374896201814059,0.290663194444444,0.352117698412698,0.564717063492064,0.232530555555556,0.690947936507937,0.290663194444444,0.564717063492064
"HSP90",1,1,0.930122222222222,1,1,1,1,1,0.930122222222222,1,1
"PDGFRB",1,1,1,0.0166093253968254,0,0.376478042328042,1,0.664373015873016,1,1,1
"IKK2",1,0.836002711640212,0.254676322751323,1,1,0.254676322751323,0.473365773809524,1,1,0.0664373015873016,0.836002711640212
"Amyloid beta20",0.996559523809524,0.996559523809524,1,1,1,0.996559523809524,0.996559523809524,1,0.996559523809524,1,0.996559523809524
"Amyloid beta40",1,0.0664373015873016,0.191007242063492,1,1,1,0.671016746031746,0.191007242063492,1,1,0.182702579365079
"JAK2",1,1,0.730810317460317,1,0.938426884920635,0.938426884920635,1,1,1,1,0.730810317460317
"JNK1",0.0996559523809524,1,1,0.199311904761905,1,1,1,1,1,1,1
"CDK6",0.378692619047619,1,1,1,0.0166093253968254,1,0.49274332010582,0,0.055364417989418,0.778265532879819,0.240835218253968
"PI3K (class 1)",1,1,1,1,1,1,1,1,1,1,1
"PI3Kgamma",1,1,1,1,1,1,1,1,1,1,1
"RSK",1,0.920631179138322,0.12180171957672,0.920631179138322,0.12180171957672,0.992407192460317,1,0,0.920631179138322,1,0.290663194444444
"G9a and GLP",0.0415233134920635,0.481670436507937,0.427690128968254,0.0110728835978836,0.0110728835978836,0.649273629148629,0.481670436507937,0,0.427690128968254,0.0465061111111111,0.177166137566138
"FLT4",1,1,1,1,1,1,1,1,1,1,1
"NTRK2",1,1,1,1,1,1,1,1,1,1,1
"LTK",1,1,0.797247619047619,1,1,0.988254861111111,1,1,0.988254861111111,0.988254861111111,1
"TAK1",1,1,1,0.132874603174603,0.664373015873016,0.664373015873016,1,1,0.664373015873016,0.664373015873016,0.841539153439153
"ERK2",1,1,1,0.0664373015873016,1,1,1,1,1,1,1
"HDAC6",0.9448860670194,0.558073333333333,1,1,0.692055224867725,0.813856944444445,0.558073333333333,0,0.387550925925926,0,0.801993140589569
"VEGFR1",0.81717880952381,0.81717880952381,0.81717880952381,1,1,0.81717880952381,1,0.81717880952381,1,1,1
"VEGFR3",0.944358786848073,1,0.83046626984127,1,0.43184246031746,0.83046626984127,0.620081481481481,0.822161607142857,1,0.43184246031746,1
"MTORC2",0.586862830687831,0.586862830687831,0.896903571428572,0.896903571428571,0.644441825396825,0.589631051587302,0.896903571428571,0.0996559523809524,0.896903571428571,0.896903571428571,1
"PIM3",0.647763690476191,0.826775308641975,0.989915793650794,0.642227248677249,0.382014484126984,0.826775308641975,0.826775308641975,0,1,0.826775308641975,0.826775308641975
"ALK5",0.842923263888889,1,0.531498412698413,1,0.531498412698413,1,0.842923263888889,0.0332186507936508,0.376478042328042,0.166093253968254,0.473365773809524
"TNKS1",0.808320502645503,1,0.132874603174603,1,1,0.808320502645503,1,1,1,1,1
"TNKS2",1,0.642227248677249,0.365405158730159,1,0.642227248677249,0.863684920634921,0.863684920634921,0.863684920634921,0.863684920634921,0.863684920634921,1
"TOP1",1,1,0.936765952380952,1,0.210384788359788,1,1,0,0.340491170634921,1,0.210384788359788
"Antimetabolite",1,1,1,1,0.382014484126984,1,1,1,1,0.132874603174603,0.664373015873016
"MEK1",1,1,1,0.199311904761905,1,0.55364417989418,1,1,0.606240376984127,0.930122222222222,0.55364417989418
"MEK2",1,1,1,0.0332186507936508,1,0.586862830687831,1,1,0.838770932539683,1,0.586862830687831
"PARP1",1,0.83046626984127,1,1,0,1,0.777316428571429,0,0.777316428571429,0.777316428571429,1
"PARP2",0.83046626984127,0.824929828042328,0.824929828042328,1,0.0332186507936508,1,0.824929828042328,0,0.824929828042328,1,0.83046626984127
"CHEK1",1,1,1,1,1,0.863684920634921,1,1,1,1,0.697591666666667
"NTRK1",1,1,0.298967857142857,0.967493204365079,0.730810317460317,0.816229705215419,0.730810317460317,1,0.730810317460317,0.730810317460317,0.730810317460317
"p38",1,1,0.631154365079365,0.210384788359788,0.0332186507936508,1,1,0.0332186507936508,1,1,1
"MDM2",1,1,0.710879126984127,0.210384788359788,1,0.210384788359788,1,1,1,0.710879126984127,0.210384788359788
