"","EGFR","Hypoxia","JAK.STAT","MAPK","NFkB","PI3K","TGFb","TNFa","Trail","VEGF","p53"
"EGFR",0.188,0.411,0.184,0,0.298,0.091,0.253,0.03,0.368,0.449,0.259
"MTORC1",0.16,0.375,0.383,0.066,0.011,0.041,0.159,0.148,0.361,0.192,0.183
"PDGFR",0.263,0.314,0.366,0.06,0.07,0.462,0.196,0.122,0.188,0.002,0.099
"KIT",0.021,0.094,0.274,0.007,0.048,0.3,0.2,0.415,0.288,0.102,0.242
"VEGFR",0.137,0.006,0.5,0.185,0.001,0.142,0.331,0,0.051,0.154,0.334
"FLT3",0.16,0.065,0.112,0.02,0.597,0.217,0.252,0.066,0.004,0.595,0.012
"RET",0.043,0.514,0.013,0.002,0.087,0.07,0.046,0.012,0.003,0.191,0.011
"CSF1R",0.139,0.395,0.083,0.117,0.469,0.406,0.337,0.165,0.086,0.564,0.565
"MET",0.038,0.318,0.353,0.325,0.489,0.062,0.068,0.343,0.469,0.229,0.263
"Proteasome",0.355,0.258,0.163,0.394,0.392,0.304,0.262,0.035,0.068,0.015,0.125
"Microtubule stabiliser",0.323,0.033,0.154,0.219,0.225,0.336,0.193,0.001,0.204,0.236,0.087
"SMO",0.145,0.057,0.21,0.015,0.375,0.243,0.391,0.133,0.565,0.383,0.281
"BRAF",0.163,0.285,0.382,0.004,0.194,0.364,0.387,0.316,0.2,0.011,0.122
"AURKA",0.227,0.177,0.341,0.551,0.156,0.319,0.315,0.014,0.231,0.188,0.139
"AURKB",0.259,0.139,0.414,0.279,0.012,0.403,0.306,0,0.354,0.026,0.006
"AURKC",0.584,0.509,0.013,0.183,0.001,0.115,0.553,0.002,0.28,0.238,0.454
"ABL",0.432,0.302,0.327,0.066,0.257,0.057,0.067,0.126,0.41,0.01,0.275
"ALK",0.247,0.03,0.002,0.183,0.448,0.073,0.247,0.221,0.392,0.314,0.043
"SRC",0.245,0.485,0.122,0.296,0.341,0.035,0.351,0.097,0.002,0.288,0.515
"CDK1",0.089,0.102,0.002,0.016,0.002,0.341,0.231,0.131,0.098,0.142,0.311
"CDK2",0.032,0.24,0.013,0.463,0.415,0.012,0.304,0.505,0.026,0.195,0.323
"CDK5",0.057,0.453,0.036,0.307,0.313,0.011,0.117,0.349,0.041,0.061,0.241
"CDK7",0.414,0.25,0.008,0.246,0.177,0.039,0.341,0.329,0.345,0.047,0.494
"CDK9",0.052,0.332,0.007,0.317,0.095,0.024,0.228,0.027,0.015,0.019,0.458
"PKC",0.205,0.415,0.244,0.419,0.288,0.035,0.099,0.089,0.153,0.057,0.456
"CDK4",0.492,0.304,0.133,0.197,0.085,0.334,0.217,0.029,0.317,0.232,0.35
"LCK",0.061,0.148,0.387,0.172,0.001,0.141,0.361,0.002,0.039,0.23,0.39
"BMX",0.036,0.511,0.366,0,0.004,0.153,0.436,0.049,0.3,0.397,0.082
"PLK1",0.402,0.063,0.021,0.122,0.139,0.135,0.33,0.007,0.399,0.372,0.256
"PLK3",0.313,0.222,0.09,0.325,0.192,0.016,0.205,0.206,0.404,0.029,0.415
"IGF1R",0.441,0.017,0.004,0.064,0.047,0.272,0.355,0.084,0.35,0.546,0.18
"IR",0.003,0.034,0.091,0.099,0.395,0.02,0.556,0.436,0.257,0.119,0.109
"MTOR",0.401,0.248,0.159,0.064,0.03,0.299,0.051,0.37,0.295,0.177,0.327
"AKT1",0.4,0.322,0.061,0,0.023,0.055,0.398,0.241,0.441,0.209,0.509
"AKT2",0.336,0.525,0.062,0.285,0.185,0.278,0.375,0.508,0.361,0.148,0.14
"AKT3",0.339,0.181,0.079,0.006,0.001,0.435,0.207,0,0.314,0.426,0.325
"HDAC1",0.442,0.481,0.124,0.181,0.006,0.28,0.169,0,0.411,0.321,0.201
"IKK",0.327,0.249,0.269,0.288,0.117,0.304,0.496,0.235,0.031,0.255,0.322
"PI3Kbeta",0.309,0.003,0.162,0.514,0,0.158,0.101,0,0.549,0.366,0.174
"ERK5",0.08,0.14,0.005,0.303,0.189,0.039,0.017,0.104,0.171,0.02,0.349
"ERBB2",0.181,0.416,0.236,0,0.259,0.047,0.203,0.029,0.546,0.474,0.113
"ROCK1",0.211,0.152,0.222,0.095,0.039,0.121,0.347,0.167,0.325,0.021,0.42
"ROCK2",0.27,0.202,0.109,0.346,0.101,0.137,0.102,0.034,0.114,0.334,0.342
"DNA crosslinker",0.068,0.318,0.267,0.257,0.067,0.15,0.095,0,0.044,0.133,0.153
"Microtubule destabiliser",0.063,0.073,0.432,0.487,0.195,0.081,0.159,0.083,0.005,0.009,0.184
"AR",0.232,0.206,0.018,0.236,0.441,0.335,0.482,0.075,0.111,0.078,0.025
"ATM",0.253,0.214,0.183,0.056,0.192,0.16,0.33,0.03,0.352,0.019,0.112
"FLT1",0.296,0.528,0.015,0.021,0.033,0.093,0.053,0.256,0.152,0.021,0.002
"GSK3A",0.324,0.055,0.064,0.262,0.238,0.573,0.223,0.478,0.096,0.275,0.378
"GSK3B",0.576,0.013,0.014,0.196,0.538,0.216,0.408,0.064,0.166,0.165,0.086
"PDGFRA",0.022,0.327,0.099,0.34,0.284,0.002,0.275,0.22,0.399,0.271,0.444
"VEGFR2",0.184,0.161,0.047,0.277,0.021,0.315,0.007,0,0.258,0.627,0.078
"FGFR1",0.029,0.109,0.402,0.355,0.021,0.157,0.024,0.156,0.073,0.009,0.406
"TIE2",0.122,0.442,0.009,0.438,0.01,0.038,0.269,0,0.19,0.343,0.442
"JNK2",0.147,0.183,0.045,0.476,0.192,0.202,0.111,0.216,0.346,0.023,0.15
"BRD2",0.078,0.401,0.146,0.107,0.028,0.443,0.275,0,0.42,0.1,0.325
"BRD3",0.043,0.585,0.076,0.095,0.025,0.257,0.097,0,0.338,0.07,0.275
"BRD4",0.079,0.352,0.041,0.468,0.041,0.315,0.298,0.084,0.096,0.098,0.047
"BRDT",0.122,0.217,0.299,0.168,0.114,0.267,0.08,0.008,0.029,0.002,0.475
"FNTA",0.228,0.265,0.427,0.352,0.051,0.486,0.136,0.077,0.031,0.099,0.184
"PDK1 (PDPK1)",0.398,0.001,0.003,0.127,0.163,0.015,0.201,0.025,0.47,0.287,0.01
"BCL2",0.356,0.401,0.253,0.191,0.032,0.403,0.291,0.063,0.301,0.025,0.404
"BCL-XL",0.466,0.15,0.042,0.119,0.148,0.484,0.524,0.224,0.313,0.36,0.228
"BCL-W",0.449,0.259,0.047,0.249,0.032,0.325,0.289,0.088,0.615,0.402,0.513
"MCL1",0.363,0.171,0.321,0.022,0.047,0.271,0.173,0.313,0.133,0.053,0.611
"dsDNA break",0.493,0.372,0.118,0.455,0.17,0.448,0.179,0.022,0.055,0.036,0.027
"BTK",0.005,0.294,0.079,0.073,0.029,0.053,0.153,0.014,0.208,0.035,0.151
"HSP90",0.389,0.405,0.056,0.547,0.166,0.346,0.277,0.268,0.036,0.137,0.19
"PDGFRB",0.33,0.492,0.408,0.001,0,0.034,0.244,0.08,0.237,0.167,0.339
"IKK2",0.467,0.151,0.022,0.458,0.269,0.023,0.057,0.219,0.327,0.002,0.142
"Amyloid beta20",0.18,0.15,0.417,0.358,0.34,0.093,0.094,0.236,0.173,0.399,0.122
"Amyloid beta40",0.494,0.002,0.023,0.441,0.305,0.322,0.101,0.018,0.415,0.418,0.011
"JAK2",0.219,0.169,0.032,0.331,0.09,0.113,0.488,0.372,0.351,0.514,0.044
"JNK1",0.003,0.428,0.432,0.012,0.097,0.21,0.249,0.415,0.362,0.467,0.318
"CDK6",0.057,0.243,0.438,0.458,0.001,0.438,0.089,0,0.005,0.164,0.029
"PI3K (class 1)",0.377,0.312,0.356,0.077,0.45,0.086,0.467,0.107,0.144,0.276,0.314
"PI3Kgamma",0.113,0.409,0.252,0.056,0.079,0.557,0.255,0.273,0.22,0.348,0.198
"RSK",0.274,0.194,0.01,0.142,0.011,0.239,0.352,0,0.19,0.375,0.035
"G9a and GLP",0.005,0.145,0.103,0.001,0.001,0.215,0.135,0,0.098,0.007,0.032
"FLT4",0.153,0.388,0.057,0.379,0.361,0.252,0.46,0.466,0.125,0.357,0.241
"NTRK2",0.36,0.404,0.216,0.107,0.102,0.278,0.415,0.332,0.277,0.341,0.082
"LTK",0.19,0.497,0.024,0.369,0.392,0.11,0.262,0.371,0.119,0.075,0.419
"TAK1",0.399,0.348,0.349,0.004,0.1,0.087,0.237,0.287,0.075,0.084,0.152
"ERK2",0.304,0.392,0.264,0.002,0.509,0.396,0.133,0.405,0.179,0.27,0.158
"HDAC6",0.256,0.07,0.475,0.391,0.125,0.196,0.084,0,0.035,0,0.169
"VEGFR1",0.107,0.031,0.091,0.393,0.34,0.123,0.357,0.071,0.372,0.263,0.283
"VEGFR3",0.199,0.279,0.135,0.505,0.026,0.15,0.056,0.099,0.459,0.014,0.318
"MTORC2",0.04,0.053,0.27,0.236,0.097,0.071,0.216,0.003,0.243,0.182,0.387
"PIM3",0.078,0.219,0.298,0.058,0.023,0.188,0.153,0,0.332,0.172,0.224
"ALK5",0.203,0.397,0.096,0.482,0.087,0.327,0.19,0.001,0.034,0.01,0.057
"TNKS1",0.073,0.129,0.004,0.186,0.451,0.053,0.233,0.42,0.493,0.201,0.268
"TNKS2",0.446,0.046,0.011,0.323,0.058,0.191,0.206,0.125,0.169,0.208,0.521
"TOP1",0.214,0.419,0.141,0.484,0.019,0.336,0.49,0,0.041,0.388,0.018
"Antimetabolite",0.387,0.328,0.242,0.151,0.023,0.249,0.42,0.212,0.326,0.004,0.06
"MEK1",0.415,0.361,0.207,0.006,0.631,0.044,0.664,0.346,0.073,0.14,0.05
"MEK2",0.471,0.501,0.231,0.001,0.306,0.053,0.631,0.295,0.101,0.332,0.05
"PARP1",0.409,0.15,0.471,0.522,0,0.464,0.116,0,0.117,0.087,0.381
"PARP2",0.185,0.149,0.117,0.512,0.002,0.467,0.131,0,0.123,0.536,0.2
"CHEK1",0.165,0.327,0.34,0.376,0.203,0.052,0.126,0.407,0.446,0.265,0.021
"NTRK1",0.445,0.31,0.009,0.233,0.132,0.172,0.113,0.403,0.112,0.089,0.088
"p38",0.215,0.382,0.076,0.019,0.001,0.491,0.518,0.002,0.389,0.251,0.471
"MDM2",0.331,0.229,0.107,0.016,0.412,0.019,0.362,0.486,0.279,0.107,0.011
