"","EGFR","Hypoxia","JAK.STAT","MAPK","NFkB","PI3K","TGFb","TNFa","Trail","VEGF","p53"
"EGFR",0,0.619,0.218,0.033,0.1,0.211,0.5,0.128,0.055,0.085,0.585
"MTORC1",0.458,0.094,0.224,0.121,0.394,0.15,0.324,0.015,0.468,0.249,0.314
"PDGFR",0.004,0.193,0.245,0.042,0.356,0.42,0.096,0.073,0.206,0.026,0.193
"KIT",0.034,0.15,0.45,0.357,0.001,0.402,0.493,0.001,0.026,0.17,0.103
"VEGFR",0.487,0.081,0.468,0.477,0.285,0.2,0.392,0.115,0.202,0.225,0.263
"FLT3",0.002,0.292,0.258,0.001,0.488,0.139,0.227,0.326,0.351,0.141,0.233
"RET",0.093,0.213,0.263,0.004,0.481,0.366,0.272,0.278,0.06,0.126,0.145
"CSF1R",0.218,0.108,0.021,0.275,0.317,0.492,0.293,0.122,0.389,0.458,0.047
"MET",0.319,0.313,0.422,0.023,0.123,0.31,0.291,0.054,0.034,0.159,0.213
"Proteasome",0.093,0.176,0.021,0.008,0.465,0.35,0.314,0.012,0.089,0.516,0.352
"Microtubule stabiliser",0,0.007,0.06,0.009,0.15,0.249,0.06,0.037,0.23,0.445,0.474
"SMO",0.36,0.002,0.269,0.392,0.035,0.297,0.156,0.251,0.116,0.404,0.159
"BRAF",0.378,0.179,0.246,0.002,0,0.024,0.114,0.042,0.201,0.149,0.485
"AURKA",0.166,0.286,0.065,0.074,0.004,0.43,0.414,0.093,0.145,0.284,0.215
"AURKB",0.165,0.08,0.36,0.009,0.028,0.031,0.292,0.037,0.245,0.079,0.357
"AURKC",0,0.248,0.279,0,0.001,0.129,0.088,0,0.252,0.126,0.262
"ABL",0.636,0.201,0.549,0.167,0.118,0.108,0.245,0.151,0.557,0.357,0.569
"ALK",0.051,0.068,0.14,0.001,0.192,0.642,0.072,0.184,0.018,0.375,0.438
"SRC",0.003,0.353,0.005,0,0.088,0.442,0.373,0.011,0.131,0.17,0.043
"CDK1",0.519,0.056,0.044,0.34,0.449,0.18,0.222,0.272,0.077,0.579,0.26
"CDK2",0.079,0.314,0.18,0.21,0.039,0.318,0.193,0.085,0,0.219,0.078
"CDK5",0.299,0.308,0.214,0.005,0.336,0.358,0.441,0.019,0.003,0.046,0.011
"CDK7",0.527,0.525,0.178,0.011,0.14,0.087,0.458,0.276,0.009,0.348,0.087
"CDK9",0.121,0.335,0.197,0.06,0.005,0.329,0.39,0.015,0.096,0.346,0.233
"PKC",0.003,0.086,0.124,0.006,0.088,0.221,0.424,0.018,0.017,0.411,0.512
"CDK4",0.289,0.106,0.377,0.216,0.064,0.544,0.111,0.159,0.205,0.368,0.153
"LCK",0.01,0.295,0.106,0.005,0.007,0.388,0.066,0.021,0.537,0.196,0.175
"BMX",0,0.206,0.056,0.024,0.505,0.12,0.547,0.017,0.389,0.18,0.493
"PLK1",0.013,0.028,0.257,0.098,0.065,0.067,0.129,0.052,0.054,0.483,0.466
"PLK3",0.005,0.22,0.329,0.204,0.431,0.158,0.086,0.385,0.158,0.049,0.165
"IGF1R",0.327,0.391,0.209,0.223,0.346,0.098,0.437,0.25,0.066,0.245,0.157
"IR",0,0.042,0.005,0.058,0.076,0.111,0.3,0,0.108,0.181,0.068
"MTOR",0.076,0.389,0.168,0,0.055,0.061,0.235,0.046,0.021,0.01,0.345
"AKT1",0,0.395,0.188,0,0.045,0.32,0.575,0.01,0.473,0.042,0.459
"AKT2",0.005,0.375,0.352,0.002,0.049,0.397,0.287,0.019,0.389,0.021,0.386
"AKT3",0.014,0.129,0.485,0.035,0.001,0.221,0.269,0,0.496,0.325,0.049
"HDAC1",0.049,0.383,0.43,0.052,0.021,0.073,0.244,0.024,0.037,0.256,0.268
"IKK",0.021,0.165,0.341,0.046,0.104,0.172,0.146,0.378,0.179,0.525,0.529
"PI3Kbeta",0.383,0.267,0.313,0.017,0.419,0.29,0.372,0.259,0.313,0.001,0.418
"ERK5",0,0.542,0.345,0.192,0.051,0.139,0.152,0.045,0.06,0.049,0.363
"ERBB2",0,0.311,0.285,0.004,0.001,0.061,0.556,0,0.026,0.261,0.491
"ROCK1",0.034,0.418,0.154,0.012,0.078,0.426,0.126,0.012,0.218,0.436,0.329
"ROCK2",0.164,0.241,0.353,0.205,0.379,0.092,0.273,0.238,0.265,0.119,0.497
"DNA crosslinker",0.014,0.088,0.053,0.009,0.02,0.428,0.117,0.271,0.008,0.376,0.362
"Microtubule destabiliser",0.014,0.009,0.22,0.243,0.05,0.156,0.07,0.271,0.476,0.347,0.191
"AR",0.187,0.117,0.47,0.478,0.104,0.14,0.226,0.046,0.25,0.052,0.523
"ATM",0,0.031,0.011,0.001,0.001,0.398,0.013,0.29,0.061,0.194,0.408
"FLT1",0.004,0.176,0.253,0.179,0,0.154,0.319,0,0.012,0.174,0.26
"GSK3A",0.281,0.339,0.217,0.114,0.086,0.19,0.057,0.004,0.455,0.416,0.128
"GSK3B",0.01,0.314,0.087,0.001,0.028,0.123,0.254,0.088,0.328,0.017,0.406
"PDGFRA",0.297,0.397,0.195,0.33,0.069,0.093,0.534,0.034,0.045,0.293,0.066
"VEGFR2",0.012,0.398,0.198,0.002,0.004,0.042,0.587,0.009,0.097,0.153,0.539
"FGFR1",0.021,0.157,0.159,0.005,0.01,0.14,0.257,0.174,0.21,0.111,0.342
"TIE2",0.001,0.398,0.18,0.002,0.005,0.189,0.144,0.009,0.023,0.042,0.165
"JNK2",0.26,0.27,0.208,0.624,0.037,0.551,0.407,0.098,0.14,0.313,0.359
"BRD2",0.001,0.236,0.049,0,0.093,0.135,0.171,0.303,0.115,0.177,0.408
"BRD3",0.002,0.276,0.03,0.002,0.159,0.329,0.284,0.004,0.092,0.314,0.364
"BRD4",0.132,0.448,0.423,0.041,0.067,0.167,0.103,0.285,0,0.395,0.587
"BRDT",0.671,0.09,0.521,0.223,0.101,0.169,0.643,0.248,0.072,0.336,0.569
"FNTA",0.229,0.111,0.341,0.221,0.001,0.537,0.271,0,0.364,0.086,0.116
"PDK1 (PDPK1)",0.025,0.361,0.438,0.321,0,0.346,0.434,0.067,0.004,0.165,0.215
"BCL2",0.143,0.487,0.274,0.054,0.073,0.28,0.079,0.159,0.069,0.117,0.386
"BCL-XL",0.176,0.412,0.147,0.004,0.019,0.205,0.098,0.176,0.001,0.092,0.108
"BCL-W",0.504,0.584,0.488,0.071,0.01,0.381,0.275,0.061,0.003,0.07,0.333
"MCL1",0.07,0.257,0.03,0.009,0.02,0.236,0.175,0.32,0.099,0.479,0.259
"dsDNA break",0,0.021,0.073,0.001,0.051,0.196,0.113,0,0.332,0.182,0.212
"BTK",0,0.13,0.052,0.007,0.12,0.316,0.026,0.11,0.339,0.097,0.3
"HSP90",0.122,0.011,0.03,0.528,0.003,0.355,0.045,0.001,0.145,0.423,0.509
"PDGFRB",0.061,0.184,0.063,0.035,0.061,0.177,0.21,0.383,0.057,0.406,0.258
"IKK2",0.022,0.307,0.548,0.224,0.001,0.49,0.511,0.008,0.022,0.121,0.283
"Amyloid beta20",0.109,0.149,0.24,0.001,0.397,0.068,0.169,0.384,0.092,0.05,0.479
"Amyloid beta40",0.445,0.155,0.027,0.036,0.304,0.074,0.158,0.2,0.27,0.063,0.291
"JAK2",0,0.514,0.239,0.002,0,0.336,0.46,0,0.016,0.157,0.374
"JNK1",0.227,0.342,0.358,0.391,0.289,0.378,0.158,0.027,0.205,0.044,0.304
"CDK6",0.137,0.25,0.414,0.023,0.031,0.2,0.094,0.151,0.115,0.16,0.171
"PI3K (class 1)",0,0.399,0.13,0.002,0.302,0.136,0.339,0.021,0.312,0.059,0.498
"PI3Kgamma",0.002,0.147,0.058,0.168,0.048,0.051,0.04,0.166,0.188,0.235,0.422
"RSK",0.299,0.01,0.145,0.006,0.102,0.031,0.415,0.062,0.027,0.218,0.241
"G9a and GLP",0.019,0.147,0.017,0.004,0.42,0.171,0.2,0.006,0.244,0.174,0.408
"FLT4",0.021,0.063,0.082,0.22,0.175,0.212,0.128,0.081,0.514,0.391,0.319
"NTRK2",0.077,0.073,0.506,0.074,0,0.451,0.126,0,0.022,0.293,0.409
"LTK",0.424,0.296,0.165,0,0.37,0.044,0.494,0.203,0.029,0.521,0.066
"TAK1",0.027,0.469,0.032,0,0,0.131,0.204,0,0.097,0.423,0.44
"ERK2",0.002,0.05,0.22,0.546,0.002,0.031,0.026,0.337,0.354,0.202,0.42
"HDAC6",0.075,0.152,0.428,0.373,0.21,0.372,0.147,0.367,0.234,0.33,0.438
"VEGFR1",0.344,0.217,0.293,0.002,0.241,0.085,0.398,0.26,0.043,0.433,0.458
"VEGFR3",0.463,0.349,0.022,0.111,0.296,0.106,0.412,0.002,0.097,0.446,0.303
"MTORC2",0,0.108,0.185,0.002,0.024,0.335,0.036,0.45,0.048,0.219,0.268
"PIM3",0.158,0.166,0.303,0.118,0,0.286,0.213,0,0.119,0.417,0.396
"ALK5",0.006,0.07,0.148,0,0.021,0.213,0.359,0.003,0.112,0.222,0.239
"TNKS1",0.001,0.524,0.114,0.016,0.01,0.457,0.068,0.022,0.124,0.027,0.255
"TNKS2",0.157,0.484,0.353,0.348,0.052,0.415,0.185,0.246,0.301,0.209,0.031
"TOP1",0,0.052,0.013,0.001,0.101,0.176,0.477,0,0.536,0.413,0.196
"Antimetabolite",0.513,0.438,0.034,0.022,0.126,0.03,0.632,0.335,0.247,0.611,0.606
"MEK1",0.613,0.034,0.254,0,0,0.129,0.001,0,0.668,0.43,0.377
"MEK2",0.294,0.056,0.104,0.115,0.003,0.155,0.006,0.469,0.17,0.215,0.155
"PARP1",0,0.381,0.014,0.002,0.491,0.514,0.145,0.047,0.129,0.093,0.139
"PARP2",0.023,0.413,0.221,0.052,0.293,0.468,0.491,0.344,0.173,0.323,0.442
"CHEK1",0,0.265,0.18,0,0.018,0.42,0.149,0.002,0.338,0.079,0.338
"NTRK1",0.091,0.296,0.218,0.181,0,0.317,0.034,0,0.081,0.288,0.047
"p38",0.448,0.067,0.469,0.024,0.57,0.37,0.089,0.248,0.296,0.13,0.31
"MDM2",0.017,0.488,0.176,0.003,0.039,0.399,0.17,0.058,0.454,0.257,0.079
