"","EGFR","Hypoxia","JAK.STAT","MAPK","NFkB","PI3K","TGFb","TNFa","Trail","VEGF","p53"
"EGFR",0,1,0.905208234126984,0.548107738095238,0.664373015873016,0.905208234126984,1,0.70866455026455,0.609008597883598,0.664373015873016,1
"MTORC1",1,1,1,1,1,1,1,0.498279761904762,1,1,1
"PDGFR",0.132874603174603,0.855380257936508,0.904285493827161,0.465061111111111,1,1,0.637798095238095,0.606240376984127,0.855380257936508,0.43184246031746,0.855380257936508
"KIT",0.282358531746032,0.806738662131519,1,1,0.0166093253968254,1,1,0.0166093253968254,0.282358531746032,0.806738662131519,0.684304206349206
"VEGFR",1,1,1,1,1,1,1,1,1,1,1
"FLT3",0.0332186507936508,1,1,0.0332186507936508,1,1,1,1,1,1,1
"RET",0.963340873015873,1,1,0.132874603174603,1,1,1,1,0.963340873015873,0.963340873015873,0.963340873015873
"CSF1R",1,1,0.697591666666667,1,1,1,1,1,1,1,0.780638293650794
"MET",1,1,1,0.564717063492064,1,1,1,0.597935714285714,0.564717063492064,1,1
"Proteasome",0.617866904761905,0.974413756613757,0.232530555555556,0.199311904761905,1,1,1,0.199311904761905,0.617866904761905,1,1
"Microtubule stabiliser",0,0.0996559523809524,0.332186507936508,0.0996559523809524,0.711828231292517,0.919049338624339,0.332186507936508,0.30727251984127,0.919049338624339,1,1
"SMO",1,0.0664373015873016,1,1,0.581326388888889,1,1,1,1,1,1
"BRAF",1,0.834618601190476,0.907976455026455,0.0332186507936508,0,0.265749206349206,0.757385238095238,0.348795833333333,0.834618601190476,0.824929828042328,1
"AURKA",0.919049338624339,1,0.772333630952381,0.772333630952381,0.132874603174603,1,1,0.772333630952381,0.919049338624339,1,1
"AURKB",0.783011054421769,0.442915343915344,1,0.298967857142857,0.30727251984127,0.30727251984127,1,0.30727251984127,1,0.442915343915344,1
"AURKC",0,0.842545779220779,0.842545779220779,0,0.0083046626984127,0.612172278911565,0.584648253968254,0,0.842545779220779,0.612172278911565,0.842545779220779
"ABL",1,1,1,1,1,1,1,1,1,1,1
"ALK",0.478348571428571,0.478348571428571,0.775101851851852,0.0332186507936508,0.797247619047619,1,0.478348571428571,0.797247619047619,0.298967857142857,1,1
"SRC",0.0498279761904762,1,0.055364417989418,0,0.487206878306878,1,1,0.0913512896825397,0.621663321995465,0.705896329365079,0.285680396825397
"CDK1",1,0.852612037037037,0.852612037037037,1,1,1,1,1,0.852612037037037,1,1
"CDK2",0.564717063492064,0.960320995670996,0.808320502645503,0.808320502645503,0.564717063492064,0.960320995670996,0.808320502645503,0.564717063492064,0,0.808320502645503,0.564717063492064
"CDK5",1,1,1,0.083046626984127,1,1,1,0.157788591269841,0.083046626984127,0.305611587301587,0.12180171957672
"CDK7",1,1,0.98548664021164,0.182702579365079,0.930122222222222,0.722505654761905,1,1,0.182702579365079,1,0.722505654761905
"CDK9",0.803891349206349,1,1,0.664373015873016,0.166093253968254,1,1,0.249139880952381,0.797247619047619,1,1
"PKC",0.0996559523809524,0.487206878306878,0.588444671201814,0.0996559523809524,0.487206878306878,0.917665228174603,1,0.149483928571429,0.149483928571429,1,1
"CDK4",1,1,1,1,1,1,1,1,1,1,1
"LCK",0.110728835978836,1,0.586862830687831,0.110728835978836,0.110728835978836,1,0.438486190476191,0.174397916666667,1,0.813856944444445,0.813856944444445
"BMX",0,0.977577437641723,0.465061111111111,0.265749206349206,1,0.797247619047619,1,0.265749206349206,1,0.977577437641723,1
"PLK1",0.370941600529101,0.370941600529101,0.948577028218695,0.465061111111111,0.370941600529101,0.370941600529101,0.535650744047619,0.370941600529101,0.370941600529101,1,1
"PLK3",0.166093253968254,0.913512896825397,1,0.913512896825397,1,0.913512896825397,0.913512896825397,1,0.913512896825397,0.813856944444445,0.913512896825397
"IGF1R",1,1,1,1,1,1,1,1,1,1,1
"IR",0,0.348795833333333,0.055364417989418,0.360659637188209,0.360659637188209,0.409696693121693,0.905963203463203,0,0.409696693121693,0.601257579365079,0.360659637188209
"MTOR",0.360659637188209,1,0.697591666666667,0,0.33772294973545,0.33772294973545,0.867375881834215,0.33772294973545,0.232530555555556,0.166093253968254,1
"AKT1",0,1,1,0,0.298967857142857,1,1,0.110728835978836,1,0.298967857142857,1
"AKT2",0.083046626984127,1,1,0.0664373015873016,0.325542777777778,1,1,0.174397916666667,1,0.174397916666667,1
"AKT3",0.15502037037037,0.714200992063492,1,0.290663194444444,0.0166093253968254,1,1,0,1,1,0.325542777777778
"HDAC1",0.345473968253968,1,1,0.345473968253968,0.345473968253968,0.404160251322751,0.989177601410935,0.345473968253968,0.345473968253968,0.989177601410935,0.989177601410935
"IKK",0.697591666666667,0.84944835600907,1,0.764028968253968,0.84944835600907,0.84944835600907,0.84944835600907,1,0.84944835600907,1,1
"PI3Kbeta",1,1,1,0.282358531746032,1,1,1,1,1,0.0332186507936508,1
"ERK5",0,1,1,0.797247619047619,0.39862380952381,0.721319274376417,0.721319274376417,0.39862380952381,0.39862380952381,0.39862380952381,1
"ERBB2",0,1,1,0.0332186507936508,0.0110728835978836,0.33772294973545,1,0,0.172736984126984,1,1
"ROCK1",0.376478042328042,1,0.852612037037037,0.199311904761905,0.647763690476191,1,0.83711,0.199311904761905,1,1,1
"ROCK2",1,1,1,1,1,1,1,1,1,1,1
"DNA crosslinker",0.15502037037037,0.487206878306878,0.352117698412698,0.149483928571429,0.166093253968254,1,0.555226020408163,1,0.149483928571429,1,1
"Microtubule destabiliser",0.232530555555556,0.232530555555556,1,1,0.55364417989418,1,0.581326388888889,1,1,1,1
"AR",1,0.930122222222222,1,1,0.930122222222222,0.930122222222222,1,0.863684920634921,1,0.863684920634921,1
"ATM",0,0.171629695767196,0.0863684920634921,0.0110728835978836,0.0110728835978836,1,0.0863684920634921,1,0.289476814058957,0.805552281746032,1
"FLT1",0.0442915343915344,0.743267311507936,0.863684920634921,0.743267311507936,0,0.743267311507936,0.963340873015873,0,0.0996559523809524,0.743267311507936,0.863684920634921
"GSK3A",1,1,1,0.85039746031746,0.85039746031746,1,0.85039746031746,0.132874603174603,1,1,0.85039746031746
"GSK3B",0.166093253968254,1,0.487206878306878,0.0332186507936508,0.232530555555556,0.583699149659864,1,0.487206878306878,1,0.188239021164021,1
"PDGFRA",1,1,1,1,0.573021726190476,0.617866904761905,1,0.573021726190476,0.573021726190476,1,0.573021726190476
"VEGFR2",0.0996559523809524,1,0.822161607142857,0.0664373015873016,0.0664373015873016,0.279036666666667,1,0.0996559523809524,0.537034854497355,0.726064795918367,1
"FGFR1",0.232530555555556,0.722505654761905,0.722505654761905,0.166093253968254,0.166093253968254,0.722505654761905,0.853719325396825,0.722505654761905,0.775101851851852,0.722505654761905,1
"TIE2",0.0332186507936508,1,0.6278325,0.0332186507936508,0.055364417989418,0.6278325,0.6278325,0.0747419642857143,0.152805793650794,0.232530555555556,0.6278325
"JNK2",1,1,1,1,1,1,1,1,1,1,1
"BRD2",0.0166093253968254,0.87106684303351,0.542571296296296,0,0.734962648809524,0.734962648809524,0.734962648809524,1,0.734962648809524,0.734962648809524,1
"BRD3",0.0332186507936508,1,0.249139880952381,0.0332186507936508,0.880294246031746,1,1,0.0442915343915344,0.611223174603175,1,1
"BRD4",0.876972380952381,1,1,0.680982341269841,0.741883201058201,0.92458578042328,0.855380257936508,1,0,1,1
"BRDT",1,1,1,1,1,1,1,1,1,1,1
"FNTA",1,0.770672698412698,1,1,0.0166093253968254,1,1,0,1,0.770672698412698,0.770672698412698
"PDK1 (PDPK1)",0.27682208994709,1,1,1,0,1,1,0.556412400793651,0.0664373015873016,1,1
"BCL2",0.754537925170068,1,1,0.656068353174603,0.656068353174603,1,0.656068353174603,0.754537925170068,0.656068353174603,0.754537925170068,1
"BCL-XL",0.649609171075838,1,0.649609171075838,0.0664373015873016,0.210384788359788,0.680982341269841,0.597935714285714,0.649609171075838,0.0332186507936508,0.597935714285714,0.597935714285714
"BCL-W",1,1,1,0.471704841269841,0.166093253968254,1,1,0.471704841269841,0.0996559523809524,0.471704841269841,1
"MCL1",0.581326388888889,0.955958950617284,0.332186507936508,0.298967857142857,0.332186507936508,0.955958950617284,0.955958950617284,1,0.657729285714286,1,0.955958950617284
"dsDNA break",0,0.174397916666667,0.404160251322751,0.0110728835978836,0.338830238095238,0.704235396825397,0.536243934240363,0,1,0.704235396825397,0.704235396825397
"BTK",0,0.539803075396825,0.43184246031746,0.116265277777778,0.539803075396825,1,0.287894973544974,0.539803075396825,1,0.539803075396825,1
"HSP90",0.6754458994709,0.12180171957672,0.249139880952381,1,0.0498279761904762,1,0.298967857142857,0.0332186507936508,0.688100623582766,1,1
"PDGFRB",0.418555,0.871989583333333,0.418555,0.418555,0.418555,0.871989583333333,0.871989583333333,1,0.418555,1,0.952267989417989
"IKK2",0.182702579365079,1,1,1,0.0332186507936508,1,1,0.132874603174603,0.182702579365079,0.803891349206349,1
"Amyloid beta20",0.724166587301587,0.801993140589569,0.996559523809524,0.0332186507936508,1,0.724166587301587,0.801993140589569,1,0.724166587301587,0.724166587301587,1
"Amyloid beta40",1,0.874757804232804,0.597935714285714,0.597935714285714,1,0.61454503968254,0.874757804232804,0.949104308390023,1,0.61454503968254,1
"JAK2",0,1,1,0.0166093253968254,0,1,1,0,0.106299682539683,0.869221362433862,1
"JNK1",1,1,1,1,1,1,1,0.730810317460317,1,0.730810317460317,1
"CDK6",0.710048660714286,0.83046626984127,1,0.514889087301587,0.514889087301587,0.738192239858907,0.710048660714286,0.710048660714286,0.710048660714286,0.710048660714286,0.710048660714286
"PI3K (class 1)",0,1,0.752956084656085,0.0332186507936508,1,0.752956084656085,1,0.232530555555556,1,0.489975099206349,1
"PI3Kgamma",0.0664373015873016,0.693900705467372,0.385336349206349,0.693900705467372,0.385336349206349,0.385336349206349,0.385336349206349,0.693900705467372,0.693900705467372,0.780638293650794,1
"RSK",0.993237658730159,0.166093253968254,0.688100623582766,0.166093253968254,0.564717063492063,0.257444543650794,1,0.41191126984127,0.257444543650794,0.889521649029982,0.889521649029982
"G9a and GLP",0.157788591269841,0.82572074829932,0.157788591269841,0.0996559523809524,1,0.82572074829932,0.83046626984127,0.0996559523809524,0.900594532627866,0.82572074829932,1
"FLT4",0.680982341269841,0.680982341269841,0.680982341269841,0.913512896825397,0.913512896825397,0.913512896825397,0.85039746031746,0.680982341269841,1,1,1
"NTRK2",0.426306018518519,0.426306018518519,1,0.426306018518519,0,1,0.597935714285714,0,0.243603439153439,1,1
"LTK",1,1,1,0,1,0.487206878306878,1,1,0.481670436507937,1,0.548107738095238
"TAK1",0.212599365079365,1,0.212599365079365,0,0,0.621663321995465,0.847075595238095,0,0.537034854497355,1,1
"ERK2",0.0332186507936508,0.332186507936508,1,1,0.0332186507936508,0.257444543650794,0.257444543650794,1,1,1,1
"HDAC6",1,1,1,1,1,1,1,1,1,1,1
"VEGFR1",1,1,1,0.0664373015873016,1,0.941195105820106,1,1,0.714200992063492,1,1
"VEGFR3",1,1,0.365405158730159,0.737454047619048,1,0.737454047619048,1,0.0664373015873016,0.737454047619048,1,1
"MTORC2",0,0.597935714285714,0.877921485260771,0.0332186507936508,0.265749206349206,1,0.298967857142857,1,0.318899047619048,0.90936056547619,0.989177601410935
"PIM3",0.919049338624339,0.919049338624339,1,0.919049338624339,0,1,1,0,0.919049338624339,1,1
"ALK5",0.0664373015873016,0.465061111111111,0.702337188208617,0,0.174397916666667,0.793925753968254,1,0.0498279761904762,0.620081481481481,0.793925753968254,0.793925753968254
"TNKS1",0.0332186507936508,1,0.514889087301587,0.177166137566138,0.166093253968254,1,0.376478042328042,0.179380714285714,0.514889087301587,0.179380714285714,0.941195105820106
"TNKS2",1,1,1,1,0.863684920634921,1,1,1,1,1,0.863684920634921
"TOP1",0,0.345473968253968,0.107960615079365,0.0110728835978836,0.559180621693122,0.813856944444445,1,0,1,1,0.813856944444445
"Antimetabolite",1,1,0.376478042328042,0.376478042328042,1,0.376478042328042,1,1,1,1,1
"MEK1",1,0.225886825396825,1,0,0,0.714200992063492,0.0083046626984127,0,1,1,1
"MEK2",0.976628333333333,0.620081481481481,0.705896329365079,0.705896329365079,0.0996559523809524,0.705896329365079,0.0996559523809524,1,0.705896329365079,0.793556657848325,0.705896329365079
"PARP1",0,1,0.15502037037037,0.0332186507936508,1,1,0.602088045634921,0.390319146825397,0.602088045634921,0.602088045634921,0.602088045634921
"PARP2",0.764028968253968,1,1,0.863684920634921,1,1,1,1,1,1,1
"CHEK1",0,1,0.85419387755102,0,0.149483928571429,1,0.824929828042328,0.0221457671957672,1,0.524854682539683,1
"NTRK1",0.503816203703704,0.957301118326118,0.905208234126984,0.85893939909297,0,0.957301118326118,0.376478042328042,0,0.503816203703704,0.957301118326118,0.390319146825397
"p38",1,0.98548664021164,1,0.797247619047619,1,1,0.98548664021164,1,1,1,1
"MDM2",0.282358531746032,1,0.83521179138322,0.0996559523809524,0.43184246031746,1,0.83521179138322,0.481670436507937,1,1,0.524854682539683
