"","EGFR","Hypoxia","JAK.STAT","MAPK","NFkB","PI3K","TGFb","TNFa","Trail","VEGF","p53"
"EGFR",0.755724305555556,1,0.87614191468254,0.87614191468254,1,0.755724305555556,1,0.87614191468254,0.755724305555556,0.87614191468254,0.755724305555556
"MTORC1",0.983272063492064,1,1,0.642227248677249,0.983272063492064,1,1,0.642227248677249,0.642227248677249,1,1
"PDGFR",0.0996559523809524,1,1,0.952267989417989,1,0.952267989417989,1,1,1,1,1
"KIT",0.631154365079365,1,0.43184246031746,0.43184246031746,1,1,1,1,0.43184246031746,1,1
"VEGFR",1,1,1,0.95503621031746,1,0.95503621031746,1,0.199311904761905,0.199311904761905,1,1
"FLT3",1,0.323881845238095,0.465061111111111,0.847075595238095,0.323881845238095,0.996559523809524,1,0.323881845238095,0.323881845238095,0.531498412698413,0.536243934240363
"RET",0.777316428571429,1,1,0.747419642857143,1,0.98548664021164,1,0.348795833333333,0.487206878306878,1,0.348795833333333
"CSF1R",1,1,1,0.0664373015873016,1,1,1,1,1,1,0.0664373015873016
"MET",1,1,0.232530555555556,0.919049338624339,0.232530555555556,0.232530555555556,1,0.43184246031746,1,1,0.919049338624339
"Proteasome",0.597935714285714,0.597935714285714,0.597935714285714,0.597935714285714,0.597935714285714,0.365405158730159,1,0.667694880952381,0.597935714285714,0.667694880952381,0.597935714285714
"Microtubule stabiliser",1,1,1,1,1,1,1,0.996559523809524,1,1,1
"SMO",1,1,1,1,1,1,1,1,1,1,1
"BRAF",1,1,0.963340873015873,0.988254861111111,0.988254861111111,1,0.988254861111111,1,1,1,1
"AURKA",0.0996559523809524,0.55364417989418,0.734962648809524,0.210384788359788,0.883616111111111,0.721319274376417,0.55364417989418,0.0996559523809524,0.52319375,1,0.756647045855379
"AURKB",1,1,0.166093253968254,1,0.415233134920635,0.465061111111111,1,1,1,1,0.622849702380952
"AURKC",0.52319375,1,0.365405158730159,0.703128108465608,1,1,0.591291984126984,0.52319375,1,1,0.498279761904762
"ABL",0.930122222222222,1,0.43184246031746,1,0.930122222222222,0.930122222222222,1,1,1,1,0.930122222222222
"ALK",1,0.963340873015873,0.963340873015873,0.963340873015873,1,0.963340873015873,0.664373015873016,0.963340873015873,1,0.963340873015873,0.963340873015873
"SRC",1,1,1,1,1,1,1,1,1,1,1
"CDK1",1,1,1,1,1,1,1,1,1,1,1
"CDK2",1,1,0.340491170634921,0.340491170634921,1,0.232530555555556,0.597935714285714,0,0.378692619047619,0.635306696428571,0.597935714285714
"CDK5",1,1,1,1,1,1,1,0.166093253968254,0.481670436507937,1,1
"CDK7",0.89136712962963,0.61454503968254,1,0.265749206349206,1,0.332186507936508,1,0.671016746031746,1,1,0.61454503968254
"CDK9",1,0.376478042328042,1,0.376478042328042,1,0.376478042328042,1,1,1,1,1
"PKC",1,1,1,0.775101851851852,0.775101851851852,0.730810317460317,1,1,1,1,1
"CDK4",0.315577182539683,0.819393386243386,0.813856944444444,0.199311904761905,1,0.819393386243386,0.61454503968254,0.819393386243386,0.61454503968254,0.757385238095238,1
"LCK",1,1,1,1,1,1,1,0.697591666666667,1,1,1
"BMX",1,1,1,1,0.149483928571429,0.988254861111111,0.988254861111111,0.0332186507936508,1,1,1
"PLK1",0.996559523809524,0.55364417989418,1,0.82382253968254,1,0.0664373015873016,1,1,1,0.82382253968254,0.465061111111111
"PLK3",1,1,1,1,1,1,1,1,1,1,1
"IGF1R",0.716573752834467,0.716573752834467,0.716573752834467,0.716573752834467,0.833788134920635,0.716573752834467,1,0.833788134920635,0.833788134920635,0.716573752834467,0.716573752834467
"IR",1,1,1,1,1,1,1,1,1,0.597935714285714,1
"MTOR",1,1,1,1,0.61454503968254,0.631154365079365,1,0.265749206349206,1,1,1
"AKT1",1,0.365405158730159,1,1,0.813856944444445,0.448451785714286,1,1,0.609008597883598,1,1
"AKT2",1,0.514889087301587,1,1,1,1,1,1,0.514889087301587,1,1
"AKT3",0.856302998236332,0.856302998236332,1,0.856302998236332,0.856302998236332,0.0332186507936508,0.856302998236332,0.0332186507936508,0.27682208994709,1,0.680982341269841
"HDAC1",0.764028968253968,1,1,1,1,1,1,1,0.764028968253968,1,1
"IKK",1,1,1,1,1,1,1,1,1,1,1
"PI3Kbeta",1,1,1,1,1,1,1,1,1,1,1
"ERK5",1,1,1,1,1,1,1,1,1,1,1
"ERBB2",0.0332186507936508,1,0.757385238095238,0.791711177248677,1,1,1,0.232530555555556,0.132874603174603,0.757385238095238,1
"ROCK1",1,1,1,1,1,1,1,0.298967857142857,1,1,1
"ROCK2",0.43184246031746,1,0.43184246031746,0.92458578042328,1,0.556412400793651,1,0,0.92458578042328,1,1
"DNA crosslinker",0.415233134920635,1,1,1,0.855380257936508,0.365405158730159,1,0.855380257936508,1,1,1
"Microtubule destabiliser",1,1,1,1,1,1,1,0.498279761904762,1,1,1
"AR",0.943409682539682,1,1,0.943409682539682,1,1,1,0.680982341269841,0.680982341269841,0.943409682539682,1
"ATM",1,1,1,1,1,1,1,1,1,1,1
"FLT1",0.797247619047619,0.819393386243386,0.936765952380952,1,1,0.946731547619048,1,0.819393386243386,0.855380257936508,1,1
"GSK3A",1,1,0.913512896825397,1,1,1,1,1,0.913512896825397,1,1
"GSK3B",0.581326388888889,1,0.624510634920635,0.755724305555556,0.673864058956916,0.673864058956916,0.581326388888889,0.581326388888889,0.581326388888889,1,1
"PDGFRA",0.959188541666667,0.963340873015873,0.959188541666667,1,0.822161607142857,0.415233134920635,1,0.959188541666667,0.730810317460317,0.959188541666667,0.415233134920635
"VEGFR2",0.754537925170068,1,0.747419642857143,1,0.747419642857143,0.542571296296296,0.315577182539683,0.315577182539683,1,0.747419642857143,1
"FGFR1",1,1,1,1,1,1,1,1,1,1,1
"TIE2",0.987068480725623,0.907976455026455,0.232530555555556,1,0.132874603174603,1,0.697591666666667,0.697591666666667,1,0.697591666666667,1
"JNK2",0.33772294973545,0.626408843537415,0.812011463844797,0.199311904761905,0.33772294973545,0.199311904761905,1,0,0.33772294973545,1,0.751571974206349
"BRD2",1,1,1,1,1,1,1,1,1,1,1
"BRD3",1,1,1,1,1,1,1,1,1,1,1
"BRD4",1,1,1,0.647763690476191,1,1,1,0.166093253968254,1,1,1
"BRDT",1,1,1,1,1,1,1,1,1,1,1
"FNTA",1,1,1,1,1,0.631154365079365,0.913512896825397,0.653300132275132,0.631154365079365,0.913512896825397,0.913512896825397
"PDK1 (PDPK1)",1,1,1,1,1,1,1,1,1,1,1
"BCL2",0.575789947089947,1,1,0.575789947089947,1,0.680982341269841,1,1,1,0.575789947089947,1
"BCL-XL",1,1,1,1,1,1,1,1,1,1,1
"BCL-W",0.822161607142857,0.822161607142857,0.822161607142857,0.822161607142857,1,0.822161607142857,1,1,0.822161607142857,0.822161607142857,0.822161607142857
"MCL1",1,1,1,1,1,1,1,1,1,1,1
"dsDNA break",1,1,0.498279761904762,1,1,1,1,1,1,1,1
"BTK",1,1,1,0.558073333333333,1,0.199311904761905,0.558073333333333,0.132874603174603,0.132874603174603,1,1
"HSP90",0.905208234126984,0.905208234126984,0.905208234126984,1,1,1,1,0.905208234126984,1,1,0.923478492063492
"PDGFRB",0.987499891774892,0.987499891774892,0.987499891774892,0.930122222222222,0.987499891774892,0.987499891774892,0.987499891774892,0.987499891774892,0.930122222222222,0.987499891774892,0.987499891774892
"IKK2",1,0.518210952380952,1,0.509352645502645,0.509352645502645,0.0664373015873016,1,1,1,1,0.518210952380952
"Amyloid beta20",1,1,1,1,1,1,1,1,1,1,1
"Amyloid beta40",1,1,1,1,1,1,1,1,1,1,1
"JAK2",0.602088045634921,0.542571296296296,0.790603888888889,0.192668174603175,0.192668174603175,0.0885830687830688,0.602088045634921,0.0332186507936508,0.790603888888889,1,0.0885830687830688
"JNK1",1,1,1,1,1,1,1,0.896903571428571,1,1,1
"CDK6",0.745046882086168,0.548107738095238,0.39862380952381,1,1,0.745046882086168,0.548107738095238,0.745046882086168,0.930122222222222,0.548107738095238,0.859532589285714
"PI3K (class 1)",1,1,1,1,1,1,1,1,1,1,1
"PI3Kgamma",1,0.772333630952381,0.772333630952381,0.772333630952381,1,0.841539153439153,0.939613265306122,0.772333630952381,0.783960158730159,1,1
"RSK",1,1,0.863684920634921,1,0.863684920634921,1,1,1,1,1,1
"G9a and GLP",1,1,1,1,1,1,0.43184246031746,1,1,0.43184246031746,1
"FLT4",0.977577437641723,1,0.977577437641723,0.977577437641723,1,0.977577437641723,0.977577437641723,1,1,0.977577437641723,0.977577437641723
"NTRK2",1,1,0.609008597883598,0.609008597883598,0.609008597883598,0.609008597883598,0.958595351473923,0.609008597883598,1,1,0.609008597883598
"LTK",1,1,1,1,1,1,1,1,1,1,1
"TAK1",1,1,1,1,1,1,1,1,1,1,1
"ERK2",0.949104308390023,1,0.949104308390023,1,0.199311904761905,0.730810317460317,0.757385238095238,0.21592123015873,0.757385238095238,1,1
"HDAC6",1,1,1,0.332186507936508,1,0.132874603174603,1,1,1,1,0.697591666666667
"VEGFR1",1,1,1,1,0.863684920634921,1,1,1,0.863684920634921,1,1
"VEGFR3",1,1,1,1,1,1,1,1,1,1,1
"MTORC2",0.298967857142857,1,0.452604117063492,0.298967857142857,1,0.298967857142857,1,0.452604117063492,0.452604117063492,0.452604117063492,0.30727251984127
"PIM3",0.207616567460317,0.166093253968254,1,0.083046626984127,1,0.083046626984127,1,0.345473968253968,0.351168594104308,1,0.348795833333333
"ALK5",0.539803075396825,1,1,1,0.539803075396825,1,0.539803075396825,0.43184246031746,1,1,1
"TNKS1",1,0.232530555555556,0.82382253968254,1,0.82382253968254,1,0.43184246031746,0.752956084656085,1,1,1
"TNKS2",0.930122222222222,0.697591666666667,1,1,1,1,0.697591666666667,0.930122222222222,0.930122222222222,1,1
"TOP1",1,1,1,1,1,1,1,1,1,1,1
"Antimetabolite",1,1,1,1,1,1,1,1,1,1,1
"MEK1",0.0332186507936508,0.680982341269841,0.680982341269841,0.680982341269841,1,1,0.680982341269841,1,1,0.680982341269841,1
"MEK2",0.0332186507936508,0.254676322751323,1,0.254676322751323,1,1,0.423537797619048,0.657729285714286,1,1,1
"PARP1",0.21592123015873,0.872744552669553,0.872744552669553,0.199311904761905,0.559180621693122,0.559180621693122,0.872744552669553,0.559180621693122,0.872744552669553,0.872744552669553,0.559180621693122
"PARP2",0,1,1,0.0498279761904762,0.0885830687830688,1,0.976628333333333,0.0996559523809524,1,1,1
"CHEK1",1,1,0.772333630952381,0.584648253968254,0.772333630952381,0.365405158730159,0.584648253968254,0.584648253968254,0.584648253968254,0.772333630952381,0.797247619047619
"NTRK1",1,1,1,0.420769576719577,1,0.689287003968254,1,0.0332186507936508,0.232530555555556,1,1
"p38",1,1,1,1,1,1,1,1,1,1,1
"MDM2",0.199311904761905,0.996559523809524,0.777316428571429,0.996559523809524,0.777316428571429,0.996559523809524,1,0.777316428571429,0.996559523809524,0.996559523809524,0.0996559523809524
