"","EGFR","Hypoxia","JAK.STAT","MAPK","NFkB","PI3K","TGFb","TNFa","Trail","VEGF","p53"
"EGFR",0.046,0.299,0.211,0.206,0.332,0.091,0.453,0.163,0.089,0.156,0.079
"MTORC1",0.135,0.436,0.352,0.051,0.148,0.234,0.231,0.057,0.058,0.245,0.374
"PDGFR",0.003,0.556,0.154,0.086,0.242,0.068,0.318,0.178,0.249,0.268,0.345
"KIT",0.076,0.329,0.034,0.039,0.276,0.173,0.393,0.435,0.027,0.209,0.449
"VEGFR",0.406,0.496,0.272,0.114,0.408,0.115,0.443,0.012,0.01,0.254,0.292
"FLT3",0.385,0.015,0.07,0.204,0.026,0.27,0.357,0.035,0.039,0.096,0.113
"RET",0.117,0.361,0.404,0.09,0.305,0.178,0.444,0.013,0.044,0.371,0.021
"CSF1R",0.143,0.182,0.272,0.004,0.185,0.1,0.421,0.418,0.369,0.349,0.004
"MET",0.358,0.44,0.011,0.162,0.018,0.021,0.364,0.052,0.267,0.389,0.166
"Proteasome",0.078,0.136,0.117,0.096,0.124,0.011,0.507,0.201,0.144,0.194,0.067
"Microtubule stabiliser",0.436,0.523,0.358,0.459,0.165,0.14,0.248,0.03,0.201,0.235,0.324
"SMO",0.251,0.5,0.478,0.416,0.311,0.324,0.343,0.315,0.495,0.46,0.24
"BRAF",0.372,0.428,0.029,0.077,0.119,0.55,0.109,0.286,0.595,0.468,0.561
"AURKA",0.005,0.1,0.177,0.019,0.266,0.152,0.095,0.006,0.063,0.335,0.205
"AURKB",0.189,0.32,0.005,0.534,0.025,0.042,0.36,0.176,0.34,0.484,0.075
"AURKC",0.052,0.429,0.011,0.127,0.371,0.397,0.089,0.063,0.38,0.347,0.03
"ABL",0.091,0.329,0.013,0.315,0.097,0.117,0.31,0.575,0.312,0.334,0.14
"ALK",0.496,0.22,0.084,0.203,0.362,0.188,0.02,0.169,0.354,0.232,0.098
"SRC",0.477,0.177,0.159,0.341,0.357,0.531,0.357,0.078,0.358,0.169,0.444
"CDK1",0.167,0.11,0.312,0.346,0.455,0.254,0.153,0.123,0.204,0.22,0.065
"CDK2",0.343,0.37,0.041,0.033,0.296,0.014,0.108,0,0.057,0.153,0.126
"CDK5",0.158,0.411,0.395,0.197,0.394,0.42,0.283,0.005,0.029,0.326,0.257
"CDK7",0.161,0.06,0.415,0.008,0.456,0.02,0.287,0.101,0.409,0.431,0.074
"CDK9",0.142,0.034,0.416,0.016,0.508,0.028,0.231,0.189,0.403,0.335,0.583
"PKC",0.493,0.248,0.301,0.07,0.062,0.022,0.436,0.375,0.453,0.26,0.244
"CDK4",0.019,0.208,0.147,0.006,0.445,0.207,0.057,0.222,0.074,0.114,0.561
"LCK",0.368,0.464,0.214,0.246,0.44,0.382,0.092,0.021,0.076,0.241,0.325
"BMX",0.43,0.407,0.346,0.302,0.009,0.119,0.097,0.001,0.184,0.5,0.187
"PLK1",0.18,0.05,0.338,0.107,0.216,0.002,0.464,0.422,0.366,0.124,0.028
"PLK3",0.305,0.488,0.132,0.241,0.063,0.276,0.353,0.201,0.264,0.182,0.037
"IGF1R",0.134,0.134,0.121,0.107,0.22,0.139,0.419,0.251,0.228,0.125,0.151
"IR",0.125,0.162,0.145,0.166,0.294,0.492,0.428,0.207,0.282,0.018,0.437
"MTOR",0.292,0.313,0.156,0.358,0.037,0.057,0.421,0.008,0.24,0.429,0.226
"AKT1",0.32,0.011,0.363,0.195,0.098,0.027,0.185,0.264,0.055,0.445,0.225
"AKT2",0.179,0.023,0.155,0.391,0.263,0.35,0.148,0.427,0.031,0.441,0.185
"AKT3",0.166,0.192,0.389,0.175,0.223,0.001,0.232,0.002,0.025,0.303,0.082
"HDAC1",0.046,0.334,0.43,0.3,0.298,0.177,0.377,0.324,0.028,0.369,0.157
"IKK",0.32,0.479,0.08,0.37,0.286,0.218,0.247,0.258,0.612,0.511,0.475
"PI3Kbeta",0.314,0.329,0.394,0.37,0.231,0.397,0.114,0.372,0.467,0.159,0.325
"ERK5",0.199,0.3,0.098,0.32,0.051,0.172,0.228,0.407,0.369,0.294,0.475
"ERBB2",0.001,0.432,0.114,0.143,0.347,0.368,0.446,0.021,0.008,0.114,0.452
"ROCK1",0.414,0.106,0.504,0.237,0.659,0.687,0.139,0.009,0.608,0.21,0.212
"ROCK2",0.039,0.286,0.03,0.148,0.53,0.067,0.362,0,0.167,0.569,0.35
"DNA crosslinker",0.025,0.381,0.212,0.312,0.103,0.011,0.35,0.096,0.293,0.447,0.494
"Microtubule destabiliser",0.286,0.299,0.437,0.303,0.123,0.189,0.459,0.015,0.242,0.303,0.488
"AR",0.142,0.41,0.465,0.129,0.408,0.467,0.312,0.032,0.041,0.086,0.451
"ATM",0.079,0.341,0.504,0.109,0.602,0.226,0.072,0.329,0.235,0.465,0.353
"FLT1",0.024,0.074,0.141,0.426,0.409,0.171,0.298,0.054,0.103,0.504,0.364
"GSK3A",0.328,0.343,0.034,0.439,0.463,0.332,0.208,0.197,0.055,0.128,0.292
"GSK3B",0.029,0.501,0.094,0.182,0.129,0.142,0.055,0.07,0.049,0.355,0.469
"PDGFRA",0.155,0.261,0.201,0.442,0.099,0.025,0.448,0.223,0.066,0.231,0.024
"VEGFR2",0.159,0.339,0.123,0.433,0.135,0.049,0.018,0.019,0.296,0.122,0.415
"FGFR1",0.204,0.224,0.45,0.104,0.451,0.51,0.238,0.482,0.438,0.354,0.359
"TIE2",0.208,0.164,0.014,0.459,0.004,0.454,0.105,0.081,0.254,0.102,0.43
"JNK2",0.042,0.132,0.22,0.012,0.052,0.018,0.446,0,0.061,0.332,0.181
"BRD2",0.545,0.388,0.488,0.398,0.371,0.289,0.349,0.084,0.283,0.405,0.391
"BRD3",0.106,0.075,0.45,0.27,0.524,0.227,0.4,0.084,0.285,0.515,0.431
"BRD4",0.236,0.244,0.231,0.039,0.149,0.173,0.295,0.005,0.316,0.425,0.279
"BRDT",0.451,0.299,0.454,0.48,0.357,0.223,0.312,0.23,0.249,0.054,0.426
"FNTA",0.425,0.259,0.216,0.33,0.48,0.024,0.163,0.059,0.038,0.165,0.138
"PDK1 (PDPK1)",0.192,0.225,0.219,0.208,0.339,0.349,0.122,0.261,0.254,0.257,0.401
"BCL2",0.049,0.374,0.312,0.052,0.233,0.082,0.219,0.46,0.452,0.041,0.448
"BCL-XL",0.247,0.425,0.403,0.094,0.49,0.204,0.427,0.246,0.414,0.226,0.436
"BCL-W",0.102,0.102,0.046,0.134,0.504,0.071,0.375,0.285,0.198,0.194,0.158
"MCL1",0.395,0.261,0.184,0.293,0.273,0.201,0.348,0.302,0.368,0.097,0.058
"dsDNA break",0.37,0.321,0.015,0.566,0.265,0.396,0.423,0.276,0.497,0.117,0.245
"BTK",0.359,0.31,0.305,0.084,0.341,0.018,0.078,0.005,0.008,0.245,0.247
"HSP90",0.073,0.064,0.109,0.344,0.61,0.254,0.221,0.085,0.285,0.386,0.139
"PDGFRB",0.173,0.183,0.258,0.056,0.282,0.327,0.267,0.284,0.031,0.321,0.212
"IKK2",0.386,0.069,0.369,0.045,0.046,0.002,0.499,0.257,0.398,0.54,0.078
"Amyloid beta20",0.296,0.221,0.306,0.124,0.078,0.159,0.1,0.43,0.541,0.375,0.266
"Amyloid beta40",0.341,0.337,0.324,0.427,0.254,0.203,0.433,0.202,0.218,0.324,0.059
"JAK2",0.135,0.098,0.238,0.027,0.029,0.008,0.145,0.001,0.217,0.509,0.007
"JNK1",0.38,0.172,0.074,0.311,0.259,0.183,0.2,0.027,0.106,0.283,0.239
"CDK6",0.157,0.056,0.012,0.303,0.387,0.134,0.047,0.14,0.252,0.066,0.207
"PI3K (class 1)",0.258,0.364,0.474,0.277,0.405,0.099,0.066,0.256,0.477,0.171,0.167
"PI3Kgamma",0.317,0.093,0.082,0.083,0.497,0.152,0.198,0.036,0.118,0.359,0.476
"RSK",0.13,0.307,0.032,0.282,0.052,0.104,0.399,0.406,0.53,0.418,0.382
"G9a and GLP",0.28,0.464,0.42,0.109,0.24,0.32,0.026,0.345,0.368,0.024,0.569
"FLT4",0.206,0.346,0.102,0.043,0.394,0.092,0.146,0.376,0.37,0.164,0.187
"NTRK2",0.297,0.29,0.102,0.11,0.042,0.107,0.202,0.062,0.502,0.37,0.055
"LTK",0.242,0.531,0.503,0.445,0.098,0.498,0.374,0.415,0.3,0.279,0.308
"TAK1",0.158,0.326,0.065,0.478,0.446,0.175,0.245,0.288,0.262,0.147,0.205
"ERK2",0.177,0.452,0.2,0.574,0.006,0.066,0.114,0.013,0.113,0.583,0.39
"HDAC6",0.435,0.221,0.543,0.02,0.475,0.004,0.216,0.127,0.188,0.387,0.063
"VEGFR1",0.199,0.46,0.215,0.23,0.052,0.169,0.344,0.434,0.033,0.393,0.168
"VEGFR3",0.104,0.402,0.077,0.215,0.214,0.514,0.276,0.377,0.206,0.11,0.4
"MTORC2",0.015,0.35,0.091,0.027,0.355,0.024,0.32,0.09,0.109,0.105,0.037
"PIM3",0.025,0.015,0.482,0.005,0.437,0.004,0.286,0.052,0.074,0.435,0.063
"ALK5",0.064,0.428,0.447,0.267,0.055,0.438,0.065,0.013,0.181,0.198,0.439
"TNKS1",0.189,0.007,0.124,0.412,0.115,0.29,0.026,0.068,0.35,0.231,0.429
"TNKS2",0.14,0.034,0.388,0.216,0.488,0.304,0.042,0.114,0.111,0.288,0.403
"TOP1",0.153,0.26,0.13,0.397,0.038,0.096,0.358,0.3,0.522,0.468,0.12
"Antimetabolite",0.531,0.141,0.54,0.311,0.547,0.384,0.187,0.441,0.033,0.086,0.223
"MEK1",0.001,0.044,0.123,0.118,0.491,0.354,0.094,0.258,0.374,0.123,0.543
"MEK2",0.001,0.018,0.242,0.023,0.414,0.332,0.051,0.099,0.253,0.331,0.243
"PARP1",0.013,0.289,0.28,0.006,0.067,0.101,0.256,0.093,0.206,0.273,0.095
"PARP2",0,0.296,0.51,0.003,0.008,0.455,0.147,0.012,0.427,0.472,0.352
"CHEK1",0.374,0.541,0.142,0.068,0.184,0.011,0.068,0.088,0.084,0.186,0.216
"NTRK1",0.297,0.246,0.404,0.038,0.26,0.083,0.333,0.001,0.014,0.186,0.332
"p38",0.061,0.457,0.36,0.032,0.467,0.408,0.446,0.409,0.104,0.309,0.137
"MDM2",0.012,0.282,0.116,0.222,0.091,0.295,0.344,0.117,0.204,0.3,0.003
