"","EGFR","Hypoxia","JAK.STAT","MAPK","NFkB","PI3K","TGFb","TNFa","Trail","VEGF","p53"
"EGFR",0.764028968253968,1,0.556412400793651,1,0.556412400793651,1,1,1,1,0.298967857142857,0.548107738095238
"MTORC1",1,1,1,0.265749206349206,0.514889087301587,0.772333630952381,0.597935714285714,1,0.941195105820106,1,0.863684920634921
"PDGFR",0,1,1,1,1,1,1,1,1,1,0.597935714285714
"KIT",1,1,0.730810317460317,1,1,1,1,1,1,1,1
"VEGFR",0.863684920634921,1,1,0.863684920634921,0.265749206349206,1,0.863684920634921,0.863684920634921,0.863684920634921,0.863684920634921,0.863684920634921
"FLT3",1,1,0.996559523809524,1,1,1,1,1,1,0.996559523809524,1
"RET",0.664373015873016,1,1,0.166093253968254,0.166093253968254,0.82572074829932,1,0.166093253968254,1,0.484992301587302,0.484992301587302
"CSF1R",1,1,1,1,1,1,0.39862380952381,1,1,1,1
"MET",1,0.282358531746032,0.888598908730159,1,1,1,1,0,1,1,0.609008597883598
"Proteasome",0.287894973544974,0.287894973544974,1,1,0.609008597883598,0.481670436507937,1,0.287894973544974,1,0.558073333333333,1
"Microtubule stabiliser",1,1,1,0.883616111111111,0.354332275132275,1,1,0.354332275132275,0.83046626984127,1,0.354332275132275
"SMO",1,1,0.564717063492063,0.0332186507936508,0.677660476190476,0.851227926587302,0.677660476190476,0.714200992063492,1,0.745046882086168,0.0332186507936508
"BRAF",0.182702579365079,0.564717063492063,0.740775912698413,1,0.166093253968254,0.617866904761905,0.740775912698413,0.617866904761905,0.740775912698413,0.635899886621315,0.631154365079365
"AURKA",1,1,0.232530555555556,0,0,0.797247619047619,1,1,0.365405158730159,0.920631179138322,0.0885830687830688
"AURKB",1,1,1,0.110728835978836,0.790603888888889,1,0.110728835978836,1,1,0.249139880952381,0.110728835978836
"AURKC",0.889521649029982,1,0.274053869047619,0.0332186507936508,0,0.889521649029982,0.730810317460317,0.906869166666667,0.730810317460317,0.188239021164021,0.312255317460317
"ABL",0.96636075036075,0.754063373015873,0.310040740740741,0.722505654761905,0,0.498279761904762,0.722505654761905,0.498279761904762,0.310040740740741,0.498279761904762,0.754063373015873
"ALK",0.15502037037037,0.149483928571429,1,1,0.863684920634921,1,1,0.274053869047619,1,0.149483928571429,1
"SRC",0.445129920634921,0.797247619047619,1,0.282358531746032,0.132874603174603,1,0.797247619047619,1,0.298967857142857,0.592399272486772,0.298967857142857
"CDK1",1,1,1,1,1,1,1,1,1,0.896903571428571,1
"CDK2",0.916834761904762,0.442915343915344,1,1,1,1,1,0.442915343915344,0.916834761904762,0.39862380952381,1
"CDK5",0.996559523809524,0.996559523809524,1,1,0.996559523809524,0.996559523809524,1,0.996559523809524,1,1,1
"CDK7",1,1,1,1,1,1,1,1,1,1,1
"CDK9",1,1,1,0.43184246031746,1,1,1,0.0996559523809524,1,0.0996559523809524,0.43184246031746
"PKC",0.132874603174603,0.365405158730159,1,1,0.503816203703704,0.503816203703704,1,0.265749206349206,1,0.754537925170068,0.265749206349206
"CDK4",1,0.890259841269841,1,0.890259841269841,1,1,0.664373015873016,1,0.890259841269841,1,0.890259841269841
"LCK",1,1,1,0.132874603174603,0.0332186507936508,0.710879126984127,0.920631179138322,0.710879126984127,0.0996559523809524,1,0.920631179138322
"BMX",1,0.338830238095238,0.0664373015873016,1,0.116265277777778,1,0.40336933106576,1,0.376478042328042,0.221457671957672,0.338830238095238
"PLK1",0.888598908730159,0.888598908730159,1,0.888598908730159,0.888598908730159,0.888598908730159,1,0.888598908730159,0.888598908730159,1,0.888598908730159
"PLK3",0.673864058956916,1,1,0.0996559523809524,0.0996559523809524,0.673864058956916,0.978104717813051,0,0.978104717813051,0.21592123015873,0.451773650793651
"IGF1R",0,1,0.963340873015873,0.21592123015873,1,0.0996559523809524,1,0.677660476190476,0.984102529761905,0.984102529761905,0.0996559523809524
"IR",1,1,1,1,1,1,1,1,1,0.43184246031746,0.548107738095238
"MTOR",1,0.941195105820106,1,1,1,0.941195105820106,0.941195105820106,1,1,1,1
"AKT1",0.179380714285714,0.311424851190476,1,0,0.0332186507936508,1,0.199311904761905,0.0775101851851852,0.166093253968254,1,0.311424851190476
"AKT2",1,1,1,1,1,0.805552281746032,1,0.310040740740741,0.0332186507936508,0.0498279761904762,1
"AKT3",0.852612037037037,1,1,1,1,1,0.852612037037037,0.905208234126984,1,0.531498412698413,1
"HDAC1",1,0.199311904761905,1,1,0.489975099206349,1,1,0.489975099206349,0.504923492063492,0.489975099206349,1
"IKK",1,1,0,0.348795833333333,0.212599365079365,1,1,0.212599365079365,1,0.0498279761904762,0.212599365079365
"PI3Kbeta",0.219243095238095,1,1,0.15502037037037,0.15502037037037,1,1,0.15502037037037,0.219243095238095,1,1
"ERK5",0.498279761904762,1,0.920631179138322,0.920631179138322,0.920631179138322,0.83046626984127,1,0.920631179138322,1,0.920631179138322,1
"ERBB2",1,1,0.531498412698413,0.609008597883598,1,1,1,0.609008597883598,1,1,1
"ROCK1",1,1,1,1,0.232530555555556,0.863684920634921,1,1,1,1,0.415233134920635
"ROCK2",0,0.612172278911565,0.771410890652557,0.612172278911565,0.232530555555556,0.612172278911565,0.771410890652557,1,1,0.612172278911565,0.149483928571429
"DNA crosslinker",1,1,0.689287003968254,0.132874603174603,0.265749206349206,1,0.132874603174603,1,1,1,1
"Microtubule destabiliser",0.991023082010582,1,1,0.870328650793651,0.520425529100529,1,1,0.520425529100529,0.991814002267574,0.705896329365079,0.520425529100529
"AR",1,0.714200992063492,0.265749206349206,0.714200992063492,1,1,1,0.476133994708995,0.953849829931973,0.714200992063492,0.476133994708995
"ATM",1,1,0.354332275132275,1,0.116265277777778,1,1,0.116265277777778,1,1,1
"FLT1",1,1,1,1,1,1,1,1,1,1,1
"GSK3A",1,0.838770932539683,0.249139880952381,1,1,1,1,0.0996559523809524,1,1,0.597935714285714
"GSK3B",0.772333630952381,0.926431261022928,0.348795833333333,0.542571296296296,0.772333630952381,1,0.772333630952381,0.606240376984127,0.986593928571429,0.772333630952381,0.132874603174603
"PDGFRA",1,0.70866455026455,1,1,1,1,1,0.70866455026455,1,0.70866455026455,0.772333630952381
"VEGFR2",1,1,1,1,1,1,1,1,1,1,1
"FGFR1",0.0332186507936508,1,0.863684920634921,0.166093253968254,0.0332186507936508,0.919049338624339,0.225886825396825,0.225886825396825,0.863684920634921,1,0.343259391534392
"TIE2",0.487206878306878,1,0.487206878306878,1,0.487206878306878,1,1,0.487206878306878,0.232530555555556,0.0664373015873016,0.688100623582766
"JNK2",0.265749206349206,1,1,0.498279761904762,1,1,1,1,1,1,1
"BRD2",0.609008597883598,0.930122222222222,0.952267989417989,0.0442915343915344,0,1,0.906394614512472,0.0442915343915344,0.609008597883598,0.609008597883598,1
"BRD3",0.656068353174603,0.323881845238095,0.679136860670194,0.612172278911565,0.0664373015873016,1,0.570253505291005,0.323881845238095,0.323881845238095,0.740775912698413,0.570253505291005
"BRD4",0.852612037037037,1,1,0.852612037037037,1,1,1,1,0.852612037037037,1,1
"BRDT",0.896903571428571,1,0.896903571428571,0.896903571428571,1,1,0.896903571428571,0.348795833333333,1,0.896903571428571,0.348795833333333
"FNTA",0.199311904761905,0.871989583333333,0.959649911816579,0.265749206349206,0.83995731292517,0.83995731292517,0.343259391534392,0.498279761904762,1,0.83995731292517,1
"PDK1 (PDPK1)",0.76956541005291,1,0.76956541005291,0,0.0498279761904762,1,1,1,0.083046626984127,1,0.055364417989418
"BCL2",1,0.972831916099773,0.770672698412698,0.453988227513228,1,1,0.39862380952381,0.453988227513228,0.770672698412698,1,0.847075595238095
"BCL-XL",1,1,1,0.292324126984127,0.292324126984127,1,0.166093253968254,0.292324126984127,1,0.292324126984127,0.321113624338624
"BCL-W",1,0.43184246031746,1,1,1,1,0.43184246031746,1,1,0.365405158730159,0.465061111111111
"MCL1",1,1,1,0.61454503968254,1,1,0.132874603174603,1,1,1,0.741883201058201
"dsDNA break",0.41191126984127,1,0.811484183673469,0.199311904761905,0.249139880952381,1,0.249139880952381,1,0.514889087301587,0.859532589285714,0.249139880952381
"BTK",0.12180171957672,0.12456994047619,1,0.166093253968254,1,1,1,0.0996559523809524,0.420769576719577,1,0.116265277777778
"HSP90",0.110728835978836,1,0.78986569664903,0.12456994047619,0.110728835978836,0.85039746031746,0.525961970899471,0.110728835978836,0.259105476190476,0.650136451247166,0.78986569664903
"PDGFRB",0.315577182539683,1,1,1,1,1,1,1,0.531498412698413,0.232530555555556,1
"IKK2",0.95503621031746,1,1,1,0.95503621031746,0.95503621031746,0.797247619047619,0.890259841269841,0.890259841269841,0.890259841269841,0.890259841269841
"Amyloid beta20",0.870328650793651,0.808320502645503,0.232530555555556,0.232530555555556,0.232530555555556,0.808320502645503,0.927102344877345,0.808320502645503,0.471704841269841,0.808320502645503,0.471704841269841
"Amyloid beta40",0.415233134920635,0.498279761904762,0,0.481670436507936,0.415233134920635,0.700611544011544,0.549953218694885,0.451773650793651,0.498279761904762,0.415233134920635,0.700611544011544
"JAK2",1,0.677660476190476,1,1,0.476133994708995,1,0.476133994708995,1,0.476133994708995,0.677660476190476,0.786174735449735
"JNK1",1,1,1,1,1,1,1,1,1,1,1
"CDK6",0.132874603174603,1,1,0.166093253968254,1,1,1,1,0.456756448412698,0.265749206349206,1
"PI3K (class 1)",1,1,1,1,1,1,0.852612037037037,0.852612037037037,0.166093253968254,1,1
"PI3Kgamma",1,1,1,0.166093253968254,1,1,0.166093253968254,0.318899047619048,1,0.318899047619048,0.188239021164021
"RSK",0.609008597883598,1,0.597935714285714,1,1,0.996559523809524,0.166093253968254,0.996559523809524,1,0.996559523809524,1
"G9a and GLP",0.12180171957672,1,0.901055902777778,1,0.12180171957672,0.420769576719577,0.252461746031746,0.0996559523809524,0.616917800453515,0.252461746031746,1
"FLT4",1,1,1,1,1,1,1,1,1,1,1
"NTRK2",0,1,1,0.415233134920635,0.892158049886621,1,0.0332186507936508,1,0.438486190476191,0.177166137566138,0.786174735449735
"LTK",0.697591666666667,1,1,1,1,1,0.664373015873016,1,0.810535079365079,0.805552281746032,0.664373015873016
"TAK1",0.775101851851852,0.775101851851852,0.315577182539683,0.498279761904762,0.775101851851852,0.775101851851852,0.927102344877345,0.315577182539683,0.833788134920635,0.775101851851852,0.498279761904762
"ERK2",0.544785873015873,0.852612037037037,0.852612037037037,0.531498412698413,1,0.531498412698413,0.531498412698413,0.531498412698413,0.852612037037037,0.852612037037037,1
"HDAC6",0.132874603174603,0.293431415343915,1,1,0.293431415343915,1,0.293431415343915,0.149483928571429,0.469806632653061,1,0.293431415343915
"VEGFR1",0.0166093253968254,0.787282023809524,0.787282023809524,0.787282023809524,0.787282023809524,0.787282023809524,0.787282023809524,0.265749206349206,0.787282023809524,0,0.975420382395382
"VEGFR3",1,1,1,1,1,1,1,1,1,1,1
"MTORC2",0.232530555555556,1,1,0.0996559523809524,0.12180171957672,1,1,1,1,1,0.0996559523809524
"PIM3",1,1,1,1,0.310040740740741,0.359868716931217,0.559971541950113,0.310040740740741,0.310040740740741,0.332186507936508,0.332186507936508
"ALK5",0.963340873015873,0.84375373015873,1,0.697591666666667,0.697591666666667,1,1,0.935658664021164,1,0.697591666666667,0.772333630952381
"TNKS1",0,1,0.564717063492064,1,1,1,0.0498279761904762,1,1,0.564717063492064,1
"TNKS2",1,0.511567222222222,1,0.166093253968254,0.511567222222222,0.834618601190476,1,0.736346759259259,0.745046882086168,0.166093253968254,0.511567222222222
"TOP1",1,1,0.310040740740741,0.310040740740741,0.310040740740741,1,0.680982341269841,1,1,1,1
"Antimetabolite",1,1,0.656068353174603,0.232530555555556,0,1,1,0.116265277777778,1,1,1
"MEK1",0.465061111111111,0.465061111111111,0.660682054673721,0.465061111111111,1,0.465061111111111,0.542571296296296,0.983272063492064,0.543955406746032,0.465061111111111,0.543955406746032
"MEK2",0.459524669312169,0.39862380952381,1,0.27682208994709,1,0.27682208994709,0.27682208994709,1,0.459524669312169,0.735555839002268,1
"PARP1",0.420769576719577,0.913512896825397,0.913512896825397,0.420769576719577,0.913512896825397,1,0.913512896825397,0.913512896825397,0.913512896825397,0.0664373015873016,0.913512896825397
"PARP2",1,1,1,1,1,1,1,1,1,1,1
"CHEK1",0.934867743764172,1,1,0.606240376984127,0.597935714285714,0.934867743764172,1,0.934867743764172,1,0.597935714285714,0.606240376984127
"NTRK1",1,0.915885657596372,1,0.0332186507936508,0.451773650793651,1,0.298967857142857,0.581326388888889,1,0.365405158730159,0.451773650793651
"p38",0.182702579365079,0.0332186507936508,0.384387244897959,0.182702579365079,0.182702579365079,1,1,1,0.298967857142857,1,0.298967857142857
"MDM2",0.742889826839827,0.742889826839827,0.742889826839827,0.742889826839827,0.742889826839827,0.742889826839827,0.498279761904762,0.298967857142857,0.742889826839827,0.742889826839827,0.509352645502645
