"","EGFR","Hypoxia","JAK.STAT","MAPK","NFkB","PI3K","TGFb","TNFa","Trail","VEGF","p53"
"EGFR",0.115,0.333,0.055,0.479,0.067,0.529,0.42,0.429,0.377,0.009,0.033
"MTORC1",0.31,0.449,0.305,0.008,0.031,0.093,0.054,0.218,0.17,0.384,0.13
"PDGFR",0,0.169,0.377,0.263,0.284,0.257,0.427,0.253,0.314,0.237,0.036
"KIT",0.373,0.429,0.022,0.492,0.113,0.326,0.17,0.201,0.207,0.367,0.205
"VEGFR",0.186,0.406,0.338,0.208,0.008,0.424,0.149,0.084,0.086,0.175,0.148
"FLT3",0.334,0.262,0.06,0.462,0.471,0.317,0.49,0.439,0.259,0.055,0.128
"RET",0.12,0.469,0.351,0.011,0.015,0.174,0.356,0.015,0.594,0.068,0.073
"CSF1R",0.146,0.177,0.357,0.341,0.367,0.15,0.012,0.154,0.416,0.326,0.333
"MET",0.243,0.017,0.107,0.242,0.358,0.192,0.559,0,0.601,0.374,0.055
"Proteasome",0.009,0.021,0.512,0.422,0.11,0.058,0.326,0.026,0.235,0.084,0.511
"Microtubule stabiliser",0.429,0.247,0.424,0.133,0.031,0.377,0.333,0.012,0.1,0.272,0.032
"SMO",0.429,0.288,0.051,0.001,0.102,0.205,0.088,0.129,0.439,0.157,0.002
"BRAF",0.011,0.051,0.214,0.446,0.005,0.083,0.191,0.093,0.223,0.134,0.114
"AURKA",0.245,0.563,0.028,0,0,0.144,0.276,0.41,0.055,0.194,0.008
"AURKB",0.46,0.318,0.331,0.005,0.119,0.477,0.01,0.234,0.274,0.03,0.008
"AURKC",0.241,0.403,0.033,0.002,0,0.232,0.154,0.273,0.139,0.017,0.047
"ABL",0.32,0.207,0.02,0.161,0,0.084,0.174,0.09,0.028,0.067,0.227
"ALK",0.014,0.009,0.484,0.326,0.13,0.36,0.349,0.033,0.278,0.005,0.255
"SRC",0.067,0.192,0.338,0.017,0.004,0.308,0.187,0.352,0.032,0.107,0.036
"CDK1",0.3,0.13,0.287,0.121,0.305,0.29,0.466,0.445,0.259,0.027,0.091
"CDK2",0.138,0.031,0.341,0.206,0.358,0.394,0.375,0.04,0.114,0.012,0.523
"CDK5",0.08,0.042,0.278,0.231,0.15,0.098,0.463,0.133,0.231,0.474,0.252
"CDK7",0.062,0.387,0.403,0.297,0.082,0.379,0.169,0.172,0.403,0.246,0.136
"CDK9",0.227,0.387,0.34,0.051,0.396,0.194,0.24,0.006,0.36,0.003,0.052
"PKC",0.004,0.044,0.484,0.386,0.077,0.091,0.409,0.019,0.307,0.159,0.024
"CDK4",0.388,0.132,0.31,0.057,0.609,0.248,0.02,0.295,0.134,0.655,0.121
"LCK",0.355,0.461,0.445,0.012,0.001,0.107,0.177,0.101,0.006,0.407,0.194
"BMX",0.423,0.046,0.002,0.247,0.007,0.477,0.085,0.558,0.068,0.02,0.051
"PLK1",0.189,0.214,0.329,0.119,0.054,0.12,0.475,0.125,0.17,0.302,0.202
"PLK3",0.142,0.405,0.604,0.009,0.009,0.141,0.265,0,0.26,0.026,0.068
"IGF1R",0,0.407,0.174,0.026,0.432,0.009,0.373,0.102,0.237,0.223,0.006
"IR",0.372,0.203,0.501,0.213,0.115,0.283,0.711,0.516,0.667,0.013,0.033
"MTOR",0.442,0.085,0.491,0.408,0.299,0.078,0.049,0.241,0.344,0.375,0.204
"AKT1",0.027,0.075,0.369,0,0.002,0.361,0.036,0.007,0.02,0.438,0.069
"AKT2",0.392,0.411,0.408,0.386,0.456,0.097,0.46,0.028,0.001,0.003,0.348
"AKT3",0.077,0.437,0.389,0.249,0.409,0.19,0.074,0.109,0.501,0.016,0.259
"HDAC1",0.194,0.006,0.297,0.294,0.031,0.525,0.406,0.059,0.076,0.057,0.212
"IKK",0.299,0.273,0,0.063,0.026,0.366,0.37,0.021,0.542,0.003,0.032
"PI3Kbeta",0.027,0.289,0.214,0.012,0.005,0.205,0.316,0.014,0.033,0.393,0.317
"ERK5",0.015,0.545,0.194,0.191,0.167,0.05,0.268,0.135,0.307,0.084,0.563
"ERBB2",0.356,0.28,0.016,0.055,0.162,0.367,0.162,0.051,0.627,0.49,0.305
"ROCK1",0.261,0.285,0.141,0.473,0.007,0.078,0.477,0.251,0.262,0.383,0.025
"ROCK2",0,0.1,0.199,0.08,0.021,0.113,0.209,0.464,0.327,0.129,0.009
"DNA crosslinker",0.452,0.236,0.083,0.005,0.024,0.612,0.008,0.406,0.207,0.335,0.336
"Microtubule destabiliser",0.179,0.449,0.426,0.131,0.016,0.339,0.407,0.032,0.209,0.085,0.047
"AR",0.369,0.128,0.008,0.121,0.291,0.395,0.275,0.029,0.201,0.129,0.043
"ATM",0.26,0.195,0.032,0.244,0.007,0.231,0.445,0.004,0.279,0.153,0.384
"FLT1",0.041,0.151,0.417,0.104,0.422,0.112,0.323,0.237,0.356,0.255,0.54
"GSK3A",0.214,0.101,0.015,0.383,0.18,0.368,0.357,0.003,0.198,0.336,0.054
"GSK3B",0.186,0.251,0.021,0.049,0.144,0.46,0.175,0.073,0.297,0.152,0.004
"PDGFRA",0.544,0.043,0.305,0.263,0.671,0.179,0.546,0.064,0.243,0.031,0.093
"VEGFR2",0.108,0.166,0.205,0.267,0.168,0.488,0.328,0.369,0.317,0.034,0.414
"FGFR1",0.002,0.409,0.208,0.015,0.001,0.249,0.034,0.032,0.188,0.494,0.062
"TIE2",0.059,0.404,0.073,0.421,0.075,0.477,0.355,0.088,0.014,0.002,0.145
"JNK2",0.008,0.335,0.132,0.03,0.154,0.383,0.109,0.336,0.232,0.27,0.448
"BRD2",0.11,0.224,0.258,0.003,0,0.474,0.191,0.004,0.11,0.074,0.358
"BRD3",0.158,0.039,0.184,0.129,0.002,0.448,0.093,0.037,0.027,0.223,0.103
"BRD4",0.073,0.655,0.17,0.071,0.324,0.21,0.41,0.478,0.077,0.134,0.386
"BRDT",0.097,0.405,0.168,0.114,0.252,0.408,0.154,0.015,0.407,0.189,0.021
"FNTA",0.006,0.21,0.26,0.016,0.146,0.176,0.031,0.06,0.325,0.177,0.341
"PDK1 (PDPK1)",0.139,0.39,0.134,0,0.003,0.292,0.373,0.248,0.01,0.568,0.005
"BCL2",0.488,0.205,0.116,0.037,0.459,0.314,0.012,0.041,0.109,0.423,0.153
"BCL-XL",0.334,0.279,0.353,0.044,0.029,0.516,0.005,0.018,0.436,0.044,0.058
"BCL-W",0.25,0.039,0.289,0.315,0.305,0.401,0.037,0.364,0.235,0.011,0.056
"MCL1",0.19,0.592,0.352,0.037,0.499,0.472,0.004,0.215,0.381,0.296,0.067
"dsDNA break",0.062,0.448,0.171,0.006,0.03,0.732,0.027,0.512,0.093,0.207,0.023
"BTK",0.011,0.015,0.422,0.025,0.411,0.277,0.392,0.003,0.076,0.271,0.007
"HSP90",0.01,0.439,0.214,0.015,0.01,0.256,0.095,0.006,0.039,0.137,0.205
"PDGFRB",0.019,0.415,0.329,0.397,0.419,0.512,0.358,0.301,0.048,0.007,0.289
"IKK2",0.23,0.307,0.423,0.337,0.181,0.213,0.024,0.084,0.111,0.134,0.09
"Amyloid beta20",0.262,0.215,0.021,0.016,0.015,0.218,0.307,0.187,0.071,0.219,0.066
"Amyloid beta40",0.044,0.12,0,0.087,0.026,0.232,0.149,0.068,0.113,0.05,0.232
"JAK2",0.482,0.083,0.586,0.525,0.017,0.301,0.043,0.504,0.036,0.102,0.142
"JNK1",0.2,0.448,0.283,0.42,0.065,0.128,0.401,0.031,0.331,0.416,0.414
"CDK6",0.004,0.259,0.325,0.01,0.385,0.302,0.329,0.405,0.055,0.024,0.295
"PI3K (class 1)",0.348,0.219,0.27,0.4,0.148,0.248,0.057,0.077,0.005,0.362,0.259
"PI3Kgamma",0.38,0.357,0.368,0.01,0.352,0.25,0.01,0.044,0.257,0.048,0.017
"RSK",0.055,0.378,0.036,0.29,0.363,0.12,0.005,0.155,0.384,0.18,0.333
"G9a and GLP",0.011,0.368,0.217,0.382,0.01,0.076,0.034,0.003,0.13,0.038,0.352
"FLT4",0.148,0.309,0.207,0.117,0.194,0.05,0.321,0.252,0.336,0.445,0.279
"NTRK2",0,0.314,0.391,0.05,0.188,0.422,0.002,0.313,0.066,0.016,0.142
"LTK",0.063,0.231,0.538,0.206,0.593,0.607,0.032,0.302,0.122,0.097,0.04
"TAK1",0.169,0.197,0.012,0.06,0.21,0.17,0.307,0.019,0.251,0.145,0.048
"ERK2",0.082,0.214,0.177,0.064,0.424,0.027,0.038,0.054,0.231,0.197,0.416
"HDAC6",0.004,0.029,0.25,0.369,0.047,0.489,0.053,0.009,0.099,0.276,0.038
"VEGFR1",0.001,0.137,0.148,0.141,0.19,0.207,0.222,0.024,0.237,0,0.323
"VEGFR3",0.112,0.198,0.411,0.289,0.106,0.497,0.176,0.549,0.242,0.299,0.156
"MTORC2",0.028,0.228,0.288,0.006,0.011,0.279,0.224,0.367,0.293,0.332,0.006
"PIM3",0.568,0.311,0.441,0.254,0.011,0.065,0.118,0.028,0.023,0.05,0.049
"ALK5",0.203,0.127,0.328,0.057,0.063,0.328,0.614,0.169,0.337,0.034,0.093
"TNKS1",0,0.309,0.068,0.301,0.275,0.317,0.003,0.174,0.338,0.065,0.281
"TNKS2",0.288,0.047,0.361,0.01,0.077,0.201,0.549,0.133,0.157,0.007,0.075
"TOP1",0.584,0.186,0.028,0.019,0.011,0.548,0.082,0.411,0.21,0.343,0.396
"Antimetabolite",0.196,0.256,0.079,0.021,0,0.397,0.233,0.007,0.214,0.38,0.338
"MEK1",0.046,0.019,0.179,0.064,0.467,0.07,0.098,0.296,0.115,0.033,0.131
"MEK2",0.083,0.048,0.532,0.02,0.244,0.01,0.025,0.489,0.073,0.155,0.589
"PARP1",0.038,0.171,0.185,0.027,0.269,0.657,0.236,0.206,0.213,0.002,0.275
"PARP2",0.604,0.077,0.127,0.072,0.596,0.531,0.164,0.446,0.127,0.547,0.545
"CHEK1",0.197,0.263,0.532,0.056,0.033,0.175,0.307,0.171,0.404,0.036,0.073
"NTRK1",0.254,0.193,0.441,0.001,0.068,0.476,0.018,0.105,0.346,0.033,0.065
"p38",0.022,0.001,0.081,0.022,0.02,0.36,0.439,0.452,0.051,0.243,0.054
"MDM2",0.246,0.218,0.155,0.136,0.231,0.206,0.03,0.009,0.196,0.199,0.046
