"","EGFR","Hypoxia","JAK.STAT","MAPK","NFkB","PI3K","TGFb","TNFa","Trail","VEGF","p53"
"907073",-0.573287925943923,-0.500929894181118,-0.875218904509854,0.610250726071765,-0.789133820434166,-0.0279217154906928,1.3503934993955,-0.956881673145096,-0.964442772651436,-1.26540253055328,0.778584406125804
"910924",-0.224648499949333,-0.548363918601849,-0.644360386933671,-1.02909068567823,0.264089135995757,-0.831910678618129,0.457749019192245,0.0248864418235325,-1.31753154158385,-0.755294614335533,2.1486265539073
"906790",0.540933865786171,-0.662330479154867,1.41629019152143,0.301081497328866,-0.382512608569648,1.60917259516024,0.0422040981003524,-0.466727329932804,-0.248621766696808,1.06157951054634,0.572057424472092
"906848",-0.989708098885764,-0.199459933564405,-1.26728593366638,-0.220854563026474,-0.780689510139141,-1.65438877325515,2.05666939015651,-1.14348606996427,-0.521759934545669,0.462205687300443,-0.816491186171931
"906849",-1.01556801855121,0.767529455567998,-1.13869131031383,-1.03024969566699,-0.585743187680646,-1.6026360262281,0.219806205714594,-0.921979453849569,0.278559944095901,0.364707482423123,-0.0396533522178388
"1290806",-0.186046100819683,-0.61373047101419,-0.717268220424551,-0.512129131245414,0.0268320934687187,-0.747816544007098,0.51663512188995,0.822294621328972,-0.473517603291125,0.636325633349508,-0.683231595247796
"906869",-0.601447980014885,-0.243574919809432,0.343869433878003,-1.01028106436413,-0.36297944067851,-1.32533152101377,1.44845207589509,-0.0215084780137458,-0.40870997097555,-1.19741901793575,-0.646898355637169
"907041",0.345671456045457,0.215759520308038,0.0841202031323629,0.969010165514567,2.29264159945949,-0.278943980389125,-1.92127089373621,2.48740115656413,0.319683187815703,0.782469772713188,-1.64579536479916
"907055",-1.64111105329702,1.0536959797031,-1.03364220590559,-1.41020235434507,-0.981502410311248,1.37124324190899,0.511454118417763,-1.20354992766731,-0.667783859788118,-0.00713663847678692,-0.955173852713588
"1240151",-0.715671659784609,3.75736569160362,0.281485035443986,-0.710105407823489,-0.0654961438931033,-0.121246147616071,-0.665563515297486,-0.175600586957003,1.0158460102848,1.34551394397113,-0.512838865571144
"1322224",-0.129249012723237,-0.463031255038859,-0.863257938182604,-0.0024305924358002,-0.646048059802692,-0.985127307612944,-0.781599069150651,-0.974821020351436,-0.299383693057098,-0.719692927514709,-0.656220811790969
"1240155",0.169417948384843,-1.11740477356368,0.229027058436884,0.0764159854648734,-0.172177048097292,-0.539976838061373,-1.37830016288052,-0.170675576159004,-0.442812746580761,-0.43302435003215,0.817608919417187
"907276",0.766016428036362,-0.808285256160227,-0.0348437141364092,0.897246311997785,0.0292047084022344,-1.66471780331761,-1.38911639234037,0.491076673202684,0.495384677385939,-0.203993574898781,-0.2218325877164
"908138",-0.285462910419783,0.560061011022121,-0.133972618386122,-0.130392877241944,-0.44651790224611,1.10110760830411,0.855879416604957,-0.134875150067157,0.843090805064162,0.505420907024548,-0.116945654737016
"908139",-0.58473601930962,-0.0296608288072782,0.236341920092569,-0.202404394204963,-0.232831434951451,0.582968471580681,-0.104936739535491,-0.328988085489078,-0.0266364696167398,1.02289872781423,0.368435645719836
"925340",1.07360880584798,-0.27671402095671,-0.792439355355841,1.26327965621931,-0.523475765976096,0.579241860110027,-0.45803323873753,-0.765482522818874,-0.162084004399131,-0.876782418511929,0.731527479948648
"924250",-0.159081048159237,1.81921542384173,2.19109805131128,-0.643063786327562,0.579755486811079,0.884186361789227,1.00845919014653,0.585075941647313,0.38213050600749,0.16632543579333,-0.922332590141098
"908461",0.343691713005895,-0.17543156247711,0.999296478137424,-0.229121503756688,-0.815798979334487,-0.0075469694252051,-0.277752659329056,-0.668884687887045,0.743320745768475,-0.785276645691553,0.0648048865666396
"908444",0.520930682122747,0.982553889436924,-0.784292601101094,1.20325052686713,-0.798601072041404,-0.158559171516371,1.5096934980988,-0.928415999984165,-0.805229559874353,1.98123836326138,0.231197628114289
"908446",-0.154004383378304,-0.24008825847869,-0.460687693889648,0.115546319960892,-0.436966744824234,0.559449829132887,-0.650000767096613,-0.382720188610492,-0.569166521990444,-1.06939679807231,0.550223453797582
"908445",1.49163964310172,-0.854747771189835,0.246434097070173,1.23922272135717,0.289201716680981,1.16914194598873,-0.453883698258355,0.316137156478993,-0.20946485799714,-0.473981754511999,-0.609827721103415
"908455",1.57278711089385,0.326885776541754,-0.193716174457124,1.54085355703861,2.36829185559343,0.957022225801801,-0.435293694806892,2.45261585248682,-0.377179824960186,0.699343374080446,-1.58831305989371
"1298357",0.345901412617155,-0.583601468778224,0.701239547399209,-0.376292619214901,0.256921406537457,0.469500418125923,-0.646495317305344,0.315528958426793,-0.938806653236735,1.53276960984192,1.04650783250428
"1298358",1.52840308931877,-1.15530007844545,-0.501146244757949,0.592441583038545,-0.256939879012405,-0.904879189684578,0.384470873271859,0.234453042909403,0.575581350138524,0.826372616780649,2.63398233892815
"1240209",-1.84629314690307,-0.690760616480686,-1.18771534612359,-1.53006717758256,-0.721943107010656,0.765648518859132,0.56165026520436,-0.879676794492037,-0.625832597062327,-1.91813005581108,-0.0305208110347411
"909697",-0.631316710599497,0.255595235082324,1.8289999351578,-0.88973825283087,3.18497038519908,0.22205110193433,-2.10247078704955,1.56849640945476,4.25711801866831,-1.54548193160393,1.03993169553773
"909711",-1.70829751909222,-0.11536314975998,-0.261324081115992,-1.69424390702851,-0.684242205748841,-1.37845757856503,0.0900204670680248,-0.734202238175801,0.27930803802114,0.949126725255681,-1.34175470129871
"1503364",2.17863042166473,0.329110596011726,-0.177984298955197,2.38107142632081,0.118791293521701,1.37090002000099,0.126541279428787,1.60898797940202,0.00886753466623727,-0.182853610055492,-0.3614286406397
"909770",0.568297511005722,-0.788993922656772,2.50964507663432,0.430997535593272,0.272899639082204,0.587826046104178,0.124638416938737,-0.0484784501605414,-0.139926439609198,-0.902430922150615,0.165770885674867
