"","EGFR","Hypoxia","JAK.STAT","MAPK","NFkB","PI3K","TGFb","TNFa","Trail","VEGF","p53"
"EGFR",0.059,0.136,0.045,0.109,0.046,0.193,0.418,0.073,0.258,0.295,0.37
"MTORC1",0.091,0.306,0.107,0.023,0.218,0.217,0.514,0.297,0.537,0.139,0.362
"PDGFR",0.111,0.144,0.148,0.163,0.45,0.455,0.256,0.19,0.129,0.268,0.378
"KIT",0.001,0.262,0.319,0.001,0.522,0.077,0.387,0.241,0.512,0.455,0.281
"VEGFR",0.006,0.14,0.199,0.176,0.501,0.244,0.453,0.396,0.205,0.04,0.273
"FLT3",0.08,0.147,0.275,0.03,0.14,0.412,0.322,0.471,0.279,0.087,0.489
"RET",0.007,0.209,0.29,0.039,0.202,0.003,0.459,0.335,0.05,0.448,0.14
"CSF1R",0.21,0.273,0.397,0.461,0.115,0.243,0.514,0.045,0.244,0.298,0.33
"MET",0.176,0.087,0.13,0.155,0.03,0.482,0.261,0.053,0.308,0.179,0.154
"Proteasome",0.243,0.329,0.365,0.357,0.217,0.521,0.368,0.146,0.042,0.391,0.186
"Microtubule stabiliser",0.443,0.473,0.28,0.338,0.409,0.424,0.37,0.363,0.177,0.261,0.291
"SMO",0.296,0.453,0.191,0.147,0.02,0.377,0.445,0.064,0.261,0.342,0.519
"BRAF",0.091,0.358,0.199,0.38,0.192,0.164,0.284,0.214,0.232,0.386,0.419
"AURKA",0.014,0.046,0.228,0.31,0.371,0.232,0.295,0.084,0.101,0.075,0.499
"AURKB",0.212,0.201,0.256,0.335,0.18,0.121,0.422,0.059,0.033,0.183,0.149
"AURKC",0.474,0.271,0.322,0.259,0.377,0.131,0.426,0.428,0.073,0.291,0.453
"ABL",0.332,0.032,0.039,0.307,0.342,0.045,0.254,0.3,0.091,0.207,0.227
"ALK",0.165,0.333,0.352,0.148,0.146,0.097,0.29,0.235,0.186,0.516,0.399
"SRC",0.12,0.323,0.45,0.008,0.375,0.461,0.479,0.071,0.131,0.301,0.458
"CDK1",0.41,0.242,0.158,0.424,0.01,0.242,0.097,0.215,0.318,0.185,0.172
"CDK2",0.017,0.067,0.377,0.13,0.248,0.171,0.196,0.061,0.073,0.431,0.425
"CDK5",0.505,0.265,0.346,0.117,0.172,0.485,0.2,0.001,0.1,0.404,0.426
"CDK7",0.095,0.086,0.317,0.358,0.049,0.287,0.254,0.215,0.15,0.276,0.316
"CDK9",0.183,0.483,0.477,0.106,0.018,0.348,0.165,0,0.452,0.307,0.486
"PKC",0.054,0.11,0.179,0.405,0.059,0.45,0.417,0.396,0.103,0.15,0.534
"CDK4",0.006,0.056,0.47,0.072,0.298,0.033,0.27,0.26,0.165,0.393,0.148
"LCK",0.279,0.382,0.175,0.344,0.022,0.463,0.359,0.008,0.152,0.339,0.438
"BMX",0.031,0.472,0.211,0.046,0.017,0.335,0.474,0.15,0.218,0.35,0.389
"PLK1",0.537,0.453,0.258,0.249,0.334,0.49,0.36,0.368,0.224,0.49,0.403
"PLK3",0.395,0.164,0.368,0.142,0.007,0.361,0.192,0.114,0.027,0.19,0.472
"IGF1R",0.064,0.284,0.253,0.456,0.128,0.143,0.45,0.054,0.073,0.235,0.376
"IR",0.045,0.299,0.185,0.441,0.039,0.229,0.486,0.005,0.344,0.524,0.164
"MTOR",0.324,0.143,0.342,0.273,0.017,0.29,0.174,0.005,0.017,0.31,0.093
"AKT1",0.011,0.041,0.2,0.088,0.361,0.395,0.254,0.2,0.277,0.368,0.414
"AKT2",0,0.014,0.229,0.043,0.473,0.466,0.461,0.369,0.206,0.429,0.199
"AKT3",0.005,0.025,0.422,0.22,0.016,0.079,0.252,0.007,0.072,0.218,0.477
"HDAC1",0.556,0.307,0.414,0.395,0.001,0.574,0.587,0.001,0.394,0.206,0.246
"IKK",0.469,0.01,0.562,0.063,0.232,0.111,0.524,0.365,0.061,0.262,0.325
"PI3Kbeta",0.395,0.114,0.098,0.121,0.014,0.37,0.284,0.298,0.054,0.263,0.461
"ERK5",0.101,0.121,0.304,0.087,0.157,0.298,0.232,0.436,0.046,0.134,0.42
"ERBB2",0.13,0.511,0.122,0.328,0.508,0.093,0.274,0.17,0.467,0.086,0.305
"ROCK1",0.152,0.496,0.111,0.136,0.347,0.149,0.366,0.047,0.336,0.173,0.22
"ROCK2",0.026,0.092,0.384,0.021,0.037,0.329,0.516,0.02,0.197,0.51,0.074
"DNA crosslinker",0.291,0.085,0.395,0.216,0.332,0.504,0.328,0.461,0.233,0.356,0.474
"Microtubule destabiliser",0.417,0.053,0.157,0.451,0.047,0.309,0.269,0.112,0.072,0.147,0.211
"AR",0.087,0.233,0.464,0.003,0.084,0.297,0.34,0.453,0.221,0.146,0.39
"ATM",0.051,0.395,0.434,0.321,0.306,0.015,0.099,0.274,0.368,0.031,0.307
"FLT1",0.121,0.375,0.16,0.359,0,0.236,0.305,0.001,0.283,0.423,0.5
"GSK3A",0.265,0.076,0.312,0.526,0.501,0.078,0.189,0.52,0.067,0.375,0.109
"GSK3B",0.403,0.206,0.269,0.427,0.382,0.083,0.369,0.171,0.084,0.13,0.185
"PDGFRA",0.002,0.427,0.164,0.001,0.216,0.092,0.338,0.502,0.316,0.441,0.47
"VEGFR2",0.018,0.039,0.27,0.057,0.001,0.413,0.465,0.001,0.356,0.146,0.442
"FGFR1",0.098,0.105,0.599,0.582,0.189,0.241,0.268,0.164,0.025,0.27,0.549
"TIE2",0.172,0.333,0.253,0.133,0.045,0.525,0.234,0.012,0.321,0.348,0.301
"JNK2",0.201,0.155,0.368,0.52,0.254,0.068,0.469,0.074,0.435,0.015,0.141
"BRD2",0.372,0.444,0.27,0.16,0.217,0.288,0.379,0.425,0.083,0.48,0.093
"BRD3",0.374,0.319,0.105,0.116,0.405,0.365,0.478,0.242,0.079,0.144,0.15
"BRD4",0.012,0.44,0.049,0,0.128,0.102,0.244,0.38,0.458,0.504,0.255
"BRDT",0.354,0.041,0.127,0.197,0.014,0.263,0.197,0.218,0.011,0.091,0.506
"FNTA",0.109,0.317,0.486,0.069,0.291,0.284,0.152,0.399,0.534,0.319,0.346
"PDK1 (PDPK1)",0.081,0.163,0.292,0.422,0.203,0.264,0.534,0.562,0.385,0.092,0.096
"BCL2",0.206,0.039,0.548,0.336,0.175,0.205,0.55,0.457,0.007,0.525,0.1
"BCL-XL",0.167,0.085,0.337,0.331,0.139,0.158,0.395,0.506,0.041,0.534,0.25
"BCL-W",0.337,0.429,0.259,0.054,0.359,0.16,0.308,0.305,0.142,0.463,0.349
"MCL1",0.435,0.366,0.483,0.141,0.291,0.359,0.477,0.223,0.134,0.103,0.229
"dsDNA break",0.254,0.387,0.529,0.384,0.428,0.521,0.447,0.389,0.057,0.536,0.307
"BTK",0.019,0.098,0.267,0.043,0.026,0.348,0.308,0.095,0.243,0.499,0.259
"HSP90",0.122,0.125,0.377,0.38,0.125,0.374,0.461,0.052,0.019,0.232,0.2
"PDGFRB",0.002,0.016,0.444,0.007,0.022,0.478,0.479,0.004,0.47,0.408,0.112
"IKK2",0.326,0.354,0.389,0.162,0.417,0.348,0.202,0.203,0.042,0.138,0.293
"Amyloid beta20",0.178,0.382,0.37,0.432,0.102,0.383,0.403,0.071,0.028,0.052,0.154
"Amyloid beta40",0.197,0.384,0.402,0.232,0.458,0.085,0.555,0.547,0.051,0.129,0.06
"JAK2",0.013,0.385,0.184,0.01,0.229,0.374,0.207,0.026,0.045,0.091,0.469
"JNK1",0.049,0.287,0.315,0.545,0.134,0.008,0.317,0.049,0.4,0.336,0.05
"CDK6",0.056,0.195,0.202,0.061,0.072,0.084,0.202,0.078,0.378,0.377,0.197
"PI3K (class 1)",0.316,0.042,0.208,0.311,0.03,0.246,0.359,0.096,0.377,0.367,0.197
"PI3Kgamma",0.4,0.288,0.367,0.439,0.013,0.09,0.326,0.105,0.086,0.063,0.469
"RSK",0.22,0.563,0.385,0.338,0.136,0.019,0.437,0.12,0.219,0.448,0.164
"G9a and GLP",0.326,0.107,0.381,0.205,0.263,0.412,0.239,0.412,0.24,0.254,0.464
"FLT4",0.234,0.464,0.149,0.409,0.266,0.195,0.177,0.154,0.36,0.451,0.471
"NTRK2",0.088,0.273,0.107,0.304,0.072,0.155,0.436,0.044,0.184,0.074,0.328
"LTK",0.268,0.331,0.461,0.119,0.248,0.411,0.451,0.218,0.146,0.513,0.15
"TAK1",0.002,0.339,0.442,0.054,0.041,0.071,0.449,0.127,0.276,0.126,0.243
"ERK2",0.028,0.119,0.379,0.03,0.134,0.124,0.297,0.314,0.026,0.162,0.444
"HDAC6",0.012,0.045,0.35,0.284,0.014,0.158,0.16,0.239,0.146,0.01,0.426
"VEGFR1",0.182,0.401,0.189,0.094,0.237,0.135,0.406,0.072,0.23,0.243,0.282
"VEGFR3",0.132,0.428,0.363,0.045,0.193,0.104,0.377,0.149,0.105,0.216,0.344
"MTORC2",0.361,0.509,0.09,0.083,0.11,0.037,0.453,0.141,0.273,0.074,0.236
"PIM3",0.091,0.086,0.255,0.041,0.125,0.088,0.461,0.073,0.376,0.209,0.335
"ALK5",0.238,0.454,0.283,0.522,0.244,0.422,0.336,0.126,0.14,0.115,0.48
"TNKS1",0.345,0.44,0.029,0.495,0.005,0.199,0.222,0.015,0.126,0.15,0.301
"TNKS2",0.12,0.283,0.091,0.129,0.004,0.239,0.18,0.006,0.121,0.358,0.232
"TOP1",0.414,0.063,0.13,0.359,0.473,0.137,0.19,0.199,0.021,0.329,0.432
"Antimetabolite",0.057,0.029,0.206,0.379,0.25,0.479,0.225,0.105,0.021,0.348,0.143
"MEK1",0,0.254,0.382,0.007,0.105,0.098,0.434,0.109,0.295,0.224,0.3
"MEK2",0,0.353,0.289,0.008,0.15,0.095,0.443,0.096,0.241,0.169,0.389
"PARP1",0.517,0.449,0.306,0.052,0.18,0.039,0.271,0.037,0.545,0.367,0.041
"PARP2",0.058,0.251,0.4,0,0.405,0.044,0.105,0.144,0.117,0.271,0.068
"CHEK1",0,0.005,0.302,0.093,0.179,0.277,0.524,0.095,0.168,0.11,0.298
"NTRK1",0.051,0.016,0.189,0.387,0.025,0.32,0.532,0.061,0.189,0.087,0.225
"p38",0.445,0.492,0.125,0.142,0.001,0.425,0.321,0.007,0.355,0.036,0.358
"MDM2",0.197,0.069,0.258,0.166,0.106,0.096,0.348,0.517,0.061,0.37,0.266
