"","EGFR","Hypoxia","JAK.STAT","MAPK","NFkB","PI3K","TGFb","TNFa","Trail","VEGF","p53"
"EGFR",0.606240376984127,0.752956084656085,0.606240376984127,0.724166587301587,0.606240376984127,0.915885657596372,1,0.606240376984127,1,1,1
"MTORC1",1,1,1,0.764028968253968,1,1,1,1,1,1,1
"PDGFR",1,1,1,1,1,1,1,1,1,1,1
"KIT",0.0166093253968254,1,1,0.0166093253968254,1,0.852612037037037,1,1,1,1,1
"VEGFR",0.199311904761905,1,1,1,1,1,1,1,1,0.664373015873016,1
"FLT3",0.963340873015873,0.976628333333333,1,0.963340873015873,0.976628333333333,1,1,1,1,0.963340873015873,1
"RET",0.116265277777778,0.991814002267574,1,0.415233134920635,0.991814002267574,0.0996559523809524,1,1,0.415233134920635,1,0.930122222222222
"CSF1R",1,1,1,1,1,1,1,1,1,1,1
"MET",0.743267311507936,0.743267311507936,0.743267311507936,0.743267311507936,0.743267311507936,1,0.963340873015873,0.743267311507936,1,0.743267311507936,0.743267311507936
"Proteasome",1,1,1,1,1,1,1,1,1,1,1
"Microtubule stabiliser",1,1,1,1,1,1,1,1,1,1,1
"SMO",1,1,1,1,0.664373015873016,1,1,1,1,1,1
"BRAF",1,1,1,1,1,1,1,1,1,1,1
"AURKA",0.465061111111111,0.671016746031746,1,1,1,1,1,0.671016746031746,0.671016746031746,0.671016746031746,1
"AURKB",0.880294246031746,0.880294246031746,0.9448860670194,1,0.880294246031746,0.880294246031746,1,0.880294246031746,0.880294246031746,0.880294246031746,0.880294246031746
"AURKC",1,1,1,1,1,1,1,1,1,1,1
"ABL",1,0.498279761904762,0.498279761904762,1,1,0.498279761904762,1,1,0.755724305555556,1,1
"ALK",1,1,1,1,1,1,1,1,1,1,1
"SRC",1,1,1,0.265749206349206,1,1,1,1,1,1,1
"CDK1",1,1,1,1,0.332186507936508,1,1,1,1,1,1
"CDK2",0.564717063492064,0.606240376984127,1,0.863684920634921,1,0.930122222222222,0.930122222222222,0.606240376984127,0.606240376984127,1,1
"CDK5",1,1,1,1,1,1,1,0.0332186507936508,1,1,1
"CDK7",1,1,1,1,1,1,1,1,1,1,1
"CDK9",1,1,1,1,0.298967857142857,1,1,0,1,1,1
"PKC",0.913512896825397,0.913512896825397,0.991023082010582,1,0.913512896825397,1,1,1,0.913512896825397,0.991023082010582,1
"CDK4",0.199311904761905,0.597935714285714,1,0.597935714285714,1,0.548107738095238,1,1,0.913512896825397,1,0.913512896825397
"LCK",1,1,1,1,0.365405158730159,1,1,0.265749206349206,1,1,1
"BMX",0.509352645502645,1,1,0.509352645502645,0.509352645502645,1,1,1,1,1,1
"PLK1",1,1,1,1,1,1,1,1,1,1,1
"PLK3",1,0.911140136054422,1,0.911140136054422,0.232530555555556,1,0.911140136054422,0.911140136054422,0.448451785714286,0.911140136054422,1
"IGF1R",0.808320502645503,1,1,1,0.950053412698413,0.950053412698413,1,0.808320502645503,0.808320502645503,1,1
"IR",0.498279761904762,1,1,1,0.498279761904762,1,1,0.166093253968254,1,1,1
"MTOR",1,0.950053412698413,1,1,0.188239021164021,1,0.963340873015873,0.166093253968254,0.188239021164021,1,0.772333630952381
"AKT1",0.365405158730159,0.680982341269841,1,0.974413756613757,1,1,1,1,1,1,1
"AKT2",0,0.232530555555556,1,0.476133994708995,1,1,1,1,1,1,1
"AKT3",0.116265277777778,0.207616567460317,1,0.913512896825397,0.177166137566138,0.437378902116402,0.930122222222222,0.116265277777778,0.437378902116402,0.913512896825397,1
"HDAC1",1,1,1,1,0.0166093253968254,1,1,0.0166093253968254,1,1,1
"IKK",1,0.332186507936508,1,0.697591666666667,1,0.92181755952381,1,1,0.697591666666667,1,1
"PI3Kbeta",1,0.803891349206349,0.803891349206349,0.803891349206349,0.465061111111111,1,1,1,0.803891349206349,1,1
"ERK5",0.869221362433862,0.869221362433862,1,0.869221362433862,0.869221362433862,1,1,1,0.869221362433862,0.869221362433862,1
"ERBB2",1,1,1,1,1,1,1,1,1,1,1
"ROCK1",0.957804431216931,1,0.957804431216931,0.957804431216931,1,0.957804431216931,1,0.957804431216931,1,0.957804431216931,1
"ROCK2",0.287894973544974,0.509352645502645,1,0.287894973544974,0.30727251984127,1,1,0.287894973544974,0.934867743764172,1,0.491636031746032
"DNA crosslinker",1,1,1,1,1,1,1,1,1,1,1
"Microtubule destabiliser",1,0.797247619047619,0.869221362433862,1,0.797247619047619,1,1,0.869221362433862,0.797247619047619,0.869221362433862,1
"AR",0.963340873015873,1,1,0.0996559523809524,0.963340873015873,1,1,1,1,1,1
"ATM",0.564717063492063,1,1,1,1,0.498279761904762,0.822161607142857,1,1,0.514889087301587,1
"FLT1",1,1,1,1,0,1,1,0.0166093253968254,1,1,1
"GSK3A",1,0.863684920634921,1,1,1,0.863684920634921,1,1,0.863684920634921,1,0.905208234126984
"GSK3B",1,1,1,1,1,1,1,1,1,1,1
"PDGFRA",0.0332186507936508,1,1,0.0332186507936508,1,1,1,1,1,1,1
"VEGFR2",0.199311904761905,0.323881845238095,1,0.378692619047619,0.0166093253968254,1,1,0.0166093253968254,1,0.808320502645503,1
"FGFR1",1,1,1,1,1,1,1,1,0.83046626984127,1,1
"TIE2",1,1,1,1,0.747419642857143,1,1,0.39862380952381,1,1,1
"JNK2",1,1,1,1,1,0.819393386243386,1,0.819393386243386,1,0.498279761904762,1
"BRD2",1,1,1,1,1,1,1,1,1,1,1
"BRD3",1,1,0.996559523809524,0.996559523809524,1,1,1,1,0.996559523809524,0.996559523809524,0.996559523809524
"BRD4",0.199311904761905,1,0.542571296296296,0,0.85039746031746,0.847075595238095,1,1,1,1,1
"BRDT",1,0.453988227513228,0.84375373015873,0.905208234126984,0.232530555555556,0.970722795414462,0.905208234126984,0.905208234126984,0.232530555555556,0.755724305555556,1
"FNTA",1,1,1,1,1,1,1,1,1,1,1
"PDK1 (PDPK1)",1,1,1,1,1,1,1,1,1,1,1
"BCL2",1,0.647763690476191,1,1,1,1,1,1,0.232530555555556,1,1
"BCL-XL",1,1,1,1,1,1,1,1,1,1,1
"BCL-W",1,1,1,1,1,1,1,1,1,1,1
"MCL1",1,1,1,1,1,1,1,1,1,1,1
"dsDNA break",1,1,1,1,1,1,1,1,1,1,1
"BTK",0.43184246031746,0.651085555555556,1,0.476133994708995,0.43184246031746,1,1,0.651085555555556,1,1,1
"HSP90",0.83046626984127,0.83046626984127,1,1,0.83046626984127,1,1,0.83046626984127,0.631154365079365,1,1
"PDGFRB",0.0664373015873016,0.132874603174603,1,0.0775101851851852,0.146162063492064,1,1,0.0664373015873016,1,1,0.620081481481481
"IKK2",1,1,1,1,1,1,1,1,1,1,1
"Amyloid beta20",0.98548664021164,1,1,1,0.847075595238095,1,1,0.786174735449735,0.786174735449735,0.786174735449735,0.98548664021164
"Amyloid beta40",1,1,1,1,1,0.941195105820106,1,1,0.941195105820106,1,0.941195105820106
"JAK2",0.21592123015873,1,0.950883878968254,0.21592123015873,0.950883878968254,1,0.950883878968254,0.287894973544974,0.373709821428571,0.604579444444444,1
"JNK1",0.415233134920635,1,1,1,0.890259841269841,0.265749206349206,1,0.415233134920635,1,1,0.415233134920635
"CDK6",0.558073333333333,0.745574162257496,0.745574162257496,0.558073333333333,0.558073333333333,0.558073333333333,0.745574162257496,0.558073333333333,1,1,0.745574162257496
"PI3K (class 1)",1,0.697591666666667,1,1,0.697591666666667,1,1,1,1,1,1
"PI3Kgamma",1,1,1,1,0.43184246031746,0.697591666666667,1,0.697591666666667,0.697591666666667,0.697591666666667,1
"RSK",1,1,1,1,1,0.631154365079365,1,1,1,1,1
"G9a and GLP",1,1,1,1,1,1,1,1,1,1,1
"FLT4",1,1,1,1,1,1,1,1,1,1,1
"NTRK2",0.710879126984127,1,0.710879126984127,1,0.710879126984127,0.858148478835979,1,0.710879126984127,0.873175963718821,0.710879126984127,1
"LTK",1,1,1,1,1,1,1,1,1,1,1
"TAK1",0.0664373015873016,1,1,0.589631051587302,0.589631051587302,0.589631051587302,1,0.703128108465608,1,0.703128108465608,1
"ERK2",0.332186507936508,0.741883201058201,1,0.332186507936508,0.741883201058201,0.741883201058201,1,1,0.332186507936508,0.768774489795918,1
"HDAC6",0.15502037037037,0.373709821428571,1,1,0.15502037037037,0.759283446712018,0.759283446712018,0.992407192460317,0.759283446712018,0.15502037037037,1
"VEGFR1",1,1,1,1,1,1,1,1,1,1,1
"VEGFR3",0.989915793650794,1,1,0.989915793650794,1,0.989915793650794,1,0.989915793650794,0.989915793650794,1,1
"MTORC2",1,1,0.730810317460318,0.730810317460318,0.730810317460318,0.730810317460318,1,0.780638293650794,1,0.730810317460318,1
"PIM3",0.604579444444444,0.604579444444444,1,0.604579444444444,0.692055224867725,0.604579444444444,1,0.604579444444444,1,0.991814002267574,1
"ALK5",1,1,1,1,1,1,1,1,1,1,1
"TNKS1",1,1,0.321113624338624,1,0.166093253968254,1,1,0.249139880952381,0.996559523809524,0.996559523809524,1
"TNKS2",0.714200992063492,0.940087817460317,0.714200992063492,0.714200992063492,0.0996559523809524,0.882139726631393,0.85419387755102,0.0996559523809524,0.714200992063492,1,0.882139726631393
"TOP1",1,1,1,1,1,1,1,1,0.697591666666667,1,1
"Antimetabolite",0.631154365079365,0.481670436507937,1,1,1,1,1,0.871989583333333,0.481670436507937,1,0.950053412698413
"MEK1",0,1,1,0.116265277777778,0.724166587301587,0.724166587301587,1,0.724166587301587,1,1,1
"MEK2",0,1,1,0.132874603174603,0.935658664021164,0.797247619047619,1,0.797247619047619,1,0.935658664021164,1
"PARP1",1,1,1,0.43184246031746,1,0.43184246031746,1,0.43184246031746,1,1,0.43184246031746
"PARP2",0.564717063492064,1,1,0,1,0.564717063492064,0.647763690476191,0.683355102040816,0.647763690476191,1,0.564717063492064
"CHEK1",0,0.083046626984127,1,0.730810317460318,0.84944835600907,1,1,0.730810317460318,0.84944835600907,0.730810317460318,1
"NTRK1",0.506584424603175,0.415233134920635,0.896903571428571,1,0.415233134920635,1,1,0.506584424603175,0.896903571428571,0.578004523809524,0.934274553571429
"p38",1,1,0.943409682539682,0.943409682539682,0.0332186507936508,1,1,0.116265277777778,1,0.398623809523809,1
"MDM2",1,0.880294246031746,1,1,0.880294246031746,0.880294246031746,1,1,0.880294246031746,1,1
