"","EGFR","Hypoxia","JAK.STAT","MAPK","NFkB","PI3K","TGFb","TNFa","Trail","VEGF","p53"
"910702",0.435989745765365,0.106282909295482,-0.550739023126311,0.296053465241488,0.766775018331132,-1.21199718590917,-0.00601069519180332,0.626936360270039,-0.243873300041446,0.122977215262754,-0.0201983135614707
"906693",0.212011955855534,0.387871933975142,0.731472721712173,-0.611960121898702,0.95500788727117,1.78469193720337,-0.00745793129274609,0.195136653740317,0.603247042939698,-1.16582508527645,1.72281595949498
"753624",-0.158263258636663,-0.732308807063085,-0.515156168442607,-0.336573828213449,0.895618020199751,0.427250757102136,-0.584299096179812,1.5528702205654,-0.74759555271098,-2.42929876852135,1.21269965961262
"910915",-0.246628738297706,-0.275325860629537,-0.527804049742414,-0.442350599790344,-1.02238928828748,-0.0312425949301137,-0.283731260469266,-0.127578042015491,-0.895585600276321,-0.219565720348421,-0.588998125520746
"906821",1.22251555414913,1.09660202722988,-0.105850512979627,0.837355857016612,0.221625597413051,-0.212650444713092,1.48321825087595,0.958347559883364,0.442055782371051,-0.374287126724637,0.55088048977718
"1290797",0.533415999390523,-1.32297211679935,-0.810332395059173,1.42399011205643,0.712359017181881,-0.00201873540076881,-1.33211149880216,-0.223681481445508,1.26551811298913,-0.759916362644719,1.32214094155601
"1298136",1.31000471931268,0.43272471690609,0.255000848174784,0.592626354147678,-0.500076205550797,-0.147268568428112,-0.202004768857726,-0.412406871756514,-1.44201366278423,-0.569481435018344,0.686094863956252
"724869",1.63542295813217,0.182673373873035,0.649641407635195,0.883899715456668,0.250943408961941,0.584057048845562,1.47791295984877,0.169729857830439,1.08631502507872,-0.278440578599724,0.660793689463159
"1298141",0.914127508269038,-0.240521212100253,1.14903727816754,1.21503972745271,0.380433611805599,2.61495714229786,0.947561383678661,-0.0972111597201985,0.404128226632023,1.63973489593271,-0.0647622509848777
"907285",0.141461860473068,-0.0864172804897602,-0.320070012383613,-0.38460532697733,-0.00141311670584522,-0.445482724186493,-0.233930003723228,0.275932234970243,0.726129924343373,0.455697780375137,-0.693059551423051
"907286",-2.05266778875776,-0.813892215773593,-0.155193729233458,-2.92265767486561,-0.205087716500813,-0.59996456084738,0.4538134029088,-0.384634007853407,-0.700390106253242,0.805683948042897,1.07317241973128
"1298216",-0.541315839229251,0.809580514958274,-1.5665975480702,-0.327333637617004,-1.73981035440811,1.76882368920112,1.90791679627079,-0.71689628272477,-0.851949054578873,1.92608510015821,-1.14804307802061
"1298219",-0.0235797272548703,-1.22752298192371,-0.385568046475898,-0.439314602707538,-0.758375874405751,-0.141429658773754,-1.20699965853963,-0.69849434483782,-1.74075290941844,1.18275824200506,-1.07889897468221
"753572",-1.83843252968256,-0.683747854558051,-1.35545843059501,-0.108127888194431,-1.50777924245099,-1.38171189782077,-0.467051668691157,-1.65142680869753,0.137723322499835,-0.68768213521547,-0.0677644849020997
"724870",-1.66165590892519,-1.52796338038675,-1.34369064368899,-0.712522349490919,-0.60768352878449,-1.08929658028814,1.00752145292935,-1.04150122998493,0.310994813906708,-0.208964098324016,-0.976644365075517
"753595",-2.02643793364944,0.0945828597239576,1.62189916498972,-1.45604118583647,1.91089294718473,-1.00242237346042,-0.41152600848707,2.23584511394657,1.25227876715175,0.268838837252875,-0.568585686186467
"1298475",0.585425351417468,0.0345669419105245,0.71238919250244,-0.216198614549991,-0.68006290758582,-0.162988367078421,-0.327804272638386,-0.786386374641759,0.00471851055913405,-1.50713052102547,-0.296700443268461
"925346",-0.313991175290179,0.990101081978143,1.65069521697492,-0.171826057529734,1.29343326280898,-0.0306903287589148,0.113824775527384,2.29026984141971,1.07177951634596,-0.497977720615697,-0.904820244949689
"1298476",0.239520668752969,2.76829562115885,0.378679223460177,-0.795292943728596,-0.830213262494377,-1.03005523858294,1.2113383257429,-0.370003857137943,0.732992136940008,-0.540637305308604,0.109473201691455
"925347",0.990239890323914,-0.302960327965946,0.961848238848175,1.93794232511425,1.59397563701713,0.561938517527524,-0.90639469164066,1.66983511652532,-0.850692895070556,-0.0229942233313611,-0.0631195271402477
"925348",-0.765510533796173,-0.617904922744009,1.04093313709197,-1.20416921977163,-1.12804462335471,-0.668001206315789,-1.07740165202709,-0.948558947463938,-0.066670216788761,0.774455595093413,-1.2141889307258
"1298526",0.387916948311218,-1.28765953838436,1.03219012192437,1.06902320753636,0.160689820235901,-0.0153215025870701,0.960341850823941,-0.114930110382254,-1.13455577561668,1.15242622860053,-0.67247751012415
"1240201",-0.283599936947222,0.863260570990904,-1.41667904289017,0.370406032818811,-1.04955248894926,-0.897322317307814,-2.50604844812737,-0.854836135102635,2.1005069281535,0.44781234969611,-0.808512184926615
"1240208",0.545812373911259,-0.289512189317521,-0.722487310102593,0.673690622774396,-0.63579596423063,-1.16816208315043,0.221560327506285,-0.300678217530471,0.513685855152193,0.980261954028845,0.879535389767526
"1298533",0.384057388934619,0.600152207535019,1.47030969544813,0.374186454321119,0.161942225704474,0.76023589446717,-1.19003041623655,0.311723121546893,-0.740252885443299,-0.844882914661181,-1.17806946920901
"910546",1.4683480164971,1.49754775966379,-0.820381369624073,1.50512545549522,0.255804226039387,0.346775371899956,-1.08734012363243,-0.852408698431939,-1.22285538275826,1.36638695781542,-1.04920384326265
"1298534",-0.528823768598063,2.04563991882687,-1.96249781904994,-0.884874793356768,-0.487590975194229,-0.591276411800001,0.767401202808634,-0.912839533425756,-1.24835290372041,-0.151889940796203,-0.350332954948943
"1240218",-1.26547496922894,-0.294172328960827,0.481494995243652,-0.780723289531834,1.66835423633416,0.114750207529763,0.711656524757223,0.499705399326245,1.96007654131322,-0.933049506624338,-0.670971160261561
"1240219",-0.555709706033301,-1.10976504078134,-0.708910601311632,-0.44605732432825,-0.643988165043179,-0.671147229009113,-0.190418299961869,-0.917528381187498,-0.810229036108643,1.39375194665624,0.312169557785114
"910907",0.735556649440738,-0.687292884310241,0.789322667216868,0.367250247193441,1.67071148643506,2.09268316074346,1.04248262460636,1.42190497297762,0.210926846090395,-0.420211973309486,2.90992460118094
"909904",0.520264225390533,-0.409943495837615,0.342502793385571,0.694039881763422,-1.10070268897789,0.444286282530792,-0.285989383786115,-0.796235968661799,-0.127308070896581,-0.904635634574749,0.975650325157716
