"","EGFR","Hypoxia","JAK.STAT","MAPK","NFkB","PI3K","TGFb","TNFa","Trail","VEGF","p53"
"1287706",0.249922464010837,0.216152021797172,-1.08965298287241,0.509022689984919,-0.703113658494896,-0.777378863827661,-0.749144130829337,-0.491234086980132,1.28543835340131,-0.387596232647597,-0.951399679197828
"910921",-0.239622053145059,0.111509487702981,-0.0958882027669126,-0.104643195410538,1.42234868281246,1.16001427496954,0.545822867850607,2.14294904414742,0.114966078025133,-0.0499140378562208,1.2939736608284
"906792",-0.131832051868114,0.297966203656509,-0.662015908780576,-0.152771031670542,-0.577918753439278,-0.604279102796708,-0.389686894297939,-0.322933696810728,-0.505614263453523,-0.0234056358815475,-1.23751932035898
"906793",0.373657970911364,-0.762238850685907,-0.56131537160693,1.72613052606642,-0.156446174684123,0.257162227380034,1.87309492048655,0.372767254391081,-0.399811379567045,0.561753627357713,0.0167881824178682
"906830",0.615655656744867,1.72429352259948,-0.399606189510316,-0.222772592314019,-0.790178460237865,0.260228830826825,-0.165267814923639,-0.414262094531302,1.45260422107174,-1.30136407754362,0.186585354789353
"910853",-1.39566581505872,-1.2589703880441,-0.813561379041831,-1.2779219753241,-0.767929119066919,1.1611535804004,1.53275511119981,-1.01007211619785,-1.24889877904273,-0.595461685960183,-1.73509414609794
"906818",0.41388128103799,-1.63556078459239,-0.66733984032655,-0.0741304041614201,-0.857533430155522,0.0623180879826824,0.817543524327768,-0.793233574214033,-1.14160814590738,-0.690889051136387,0.577774395769338
"1240125",0.0927632364916523,0.173945365470061,2.58315662552741,-0.0898151786280552,0.0981681274859426,0.282942431679317,-0.205237758356377,-0.0840122839763759,-0.373048734507932,0.006806169878781,0.200772173902721
"906814",-0.461861961908901,-0.278927157294768,-0.622132024026515,-0.996502074428523,-0.791519351892234,-1.05304883952543,-1.30231237392383,-0.807690125513136,0.186442531218653,-0.460037098847508,0.657250234636213
"906813",-2.05825116202347,0.150153800723801,-0.334706720390401,-1.06764199265817,-1.20792504406572,-1.40187766733964,-1.32412374522231,-0.789631148899593,-0.680686676262668,-0.820807099616478,-0.967513582945975
"687448",0.852298350951252,2.3124130713624,-0.2764009659894,1.18099116918423,-0.800312634819994,0.393302697591517,0.267654703432006,-0.706236720917341,-1.48185654074623,-0.81954928889297,-0.242364303604476
"753545",-0.940814813627283,-1.16829995195504,-0.474629867278045,-0.995489226572833,-0.946367918283492,-0.794965103250542,0.340453103494308,-0.924160444146994,-1.32460831816558,-0.070347398410263,0.401605881831577
"753546",0.267867915451605,-1.17357516943459,-0.786488218587515,0.117712470508454,-0.843802820784926,-0.352950851841855,-0.116450491482948,-0.556227508713837,-0.61829292484372,-0.412064822002362,0.752339002811979
"949092",-0.23025914792252,0.539352331385273,1.19405391466362,-1.72175381463714,1.11207656379102,1.32307206446723,1.37617714468791,1.00771308217234,-0.192714334741747,0.758680271169179,1.05980265751307
"906865",-0.473040561992655,-0.119931038460114,-0.509336847574411,-0.675269675979069,-0.178251710145918,-0.568336923524099,-0.651688859114025,-0.152547612108391,0.3498799442112,-0.544173205337559,0.684162660645241
"910932",-0.615413738960911,-0.360044259782464,-0.956674294010295,-0.284097980167073,0.104628804366975,-1.02013794564316,-0.0327971645333059,-0.202035914528325,1.14741902741358,-0.553680724483361,0.754232382127302
"1240130",2.77515005600898,-0.220025379759922,-1.0030496786095,0.677933716194291,0.144816132709299,-1.40501063323963,-0.0884896519974808,0.296475837346823,2.42813548695351,-0.732014599778074,0.753704627171731
"907058",0.0560180512679163,-0.0370594473601239,-0.286613061184493,0.226577885642478,-0.337712605481897,-0.993269679174142,-0.0143002920299564,-0.219611268785657,-1.351793921937,-0.167451738363028,0.0440210745762099
"1298144",-0.23025914792252,0.539352331385273,1.19405391466362,-1.72175381463714,1.11207656379102,1.32307206446723,1.37617714468791,1.00771308217234,-0.192714334741747,0.758680271169179,1.05980265751307
"1298145",1.54633008093016,0.544504118218569,3.21656172973661,0.545812706659511,3.91299365319278,1.09184176498822,0.634318303089073,3.78408458364706,0.0103582455023079,1.33857512726971,-1.09798022317018
"907067",-0.794259581960877,0.159115031414051,-0.495027120536463,-0.107477331599963,-0.678493478817098,-1.14081725098774,-0.514360215899681,-0.33246885536583,-0.393858604819829,-0.978614184640624,0.538346569412931
"907169",-0.850511820170795,0.582713017740148,-1.09637944259097,-0.240231329198232,-0.26129242562074,-0.387520979987502,-0.673178710404888,-0.568190004918489,0.570905647802297,-0.351065745270629,-1.17143672564024
"1240153",-1.87016003795987,0.00607590227489789,-0.691281464731586,-1.07012844898547,-0.311893157002374,-1.78287667736188,-1.45222907590041,-0.436752463875047,0.370543700432107,-0.445994080629492,-1.48090384010977
"907171",0.551407208869467,-0.253719643819024,0.183618393410809,1.07431157344168,-0.446467676098318,-0.40297553222738,-0.629298177536006,-0.716301454236768,0.0487710631586101,-0.25788265964654,-1.49687286506954
"907172",-0.17139716168647,2.1434507558183,-0.972763895623632,1.78892051313383,-0.238506253651112,1.89718827189015,2.09288068834705,-0.0476005508264778,-1.09511191042842,1.88014140641436,-2.07326763219174
"753579",-0.944204766916076,-1.63661863149243,-0.836601205128538,-0.396268590828813,-1.0234533097862,-0.635400125438872,-1.20156219931629,-1.36505859226061,-1.21436015502907,-1.07657543027066,-0.601915509995692
"753581",0.295056608383908,-0.71837343816883,-0.101592804800155,-0.298010762653316,-0.985002257421746,0.097067159099097,-1.00443583726947,-0.866276828485064,-0.577995634425059,-0.234688423064062,1.5004675228801
"905974",1.42090656055387,-0.628745561661839,2.06341368852312,0.655383499328282,2.38421173522505,1.11869993229081,0.363775796454044,1.71388372441186,-0.866710795417695,1.82415413370888,1.44966910523653
"905975",0.285245555332126,0.170107349606985,-0.119158733138499,0.982504521007735,-0.804525878792305,0.503021955582083,-0.441453774287991,-0.599600159206846,1.89495012700775,-0.238248894687567,-0.849415596724867
"908124",0.000829229627698403,-0.215683030274172,-0.453814597877556,0.715474462159949,-0.243092377963408,0.0545342120857418,-1.10881190709985,-0.395779868490307,1.36098013710784,-0.0980299389931884,0.210129773909171
"908125",1.76408660736379,-0.512198350007544,-0.736727831238637,1.57511011587687,-0.323811422433046,0.696908294159892,-0.27107291201922,-0.603697905189766,0.229890190774387,0.473310557905094,1.11736429395471
"908128",-1.61590977492953,-0.35883911254403,-0.754187700053357,-1.38258973865914,-0.605200600020316,-2.21956827411057,-1.27370472714787,-1.00255544061937,-0.078892654441346,0.298044565458397,-1.60496910185274
"925339",-1.15151757535368,-1.02705574087695,1.03609008787511,-0.95117417479093,-0.503564734810965,-0.444328176174167,-1.53560938246106,-0.595467857160862,0.181869457716485,-1.44423261889857,0.921270464211518
"971777",1.17016611074129,-1.40450853280574,-0.814546383550285,1.67184273342821,-1.14935053425423,0.857634696216527,0.456827193010671,-1.00845680846662,-1.68354112276872,0.0481889201995549,-0.366779222763447
"753596",-0.957322172286648,-0.432454984104738,-0.823188506920685,0.0862977671484392,-0.332350296404107,-1.02038177963213,-0.564950638242449,-0.456257181480877,0.416500363503117,-0.0366879716292123,0.0116462265014637
"910903",-0.0296650990730171,2.75955849447899,2.0108567727999,-0.552216121707636,1.36339707864127,0.971077880202077,1.20796660724126,1.78258486618145,1.32681499790607,2.59818821046803,-0.938951262804695
"909706",0.284116944436428,-0.188874928503669,-0.764810842346627,-0.19388995315533,-0.321995950351243,-0.45252992045487,-1.38889435530398,-0.568602736907664,0.235073115393372,-1.43856710970822,0.397862247226545
"909713",-0.337208540252398,-0.496854450017234,-0.266670582466997,0.983114416753083,-0.674481601912265,-1.32982120184644,-0.969368762490513,-0.718952926218575,0.0890957282656508,-1.16995083369875,-1.05768304100523
"909723",1.71641220572819,0.286645361656069,-0.753634911570467,0.952049254157171,-0.911281184666263,-0.395855429609919,-0.853725891113648,-0.884530059750307,3.69284248230272,-0.482072942245313,0.743073223384952
"905955",-0.284479501035061,-0.529619289599587,0.576414616727721,0.400260627227026,-0.386565024820489,-0.49267992850225,-0.571531691240582,-0.637083099557642,0.660059192883484,-1.37662732507809,-1.87404905713198
"909725",0.401862465632586,-0.0247710674719588,-0.0885292865279936,0.210929989792676,0.332745843098185,1.13165320292907,0.693422806957225,0.326007517272362,-0.88467348675751,0.741292857047274,-0.370743317234622
"905954",-1.72874634629475,0.155326534912898,-0.128958250660562,0.139041649225318,-0.304497393221181,-0.74179800467878,-0.90453994974754,-0.584847512336145,0.328653906884955,-2.13817835618172,-1.02554747199433
"909724",-0.824116829952445,-0.293157592085765,-0.429550129773318,-0.722460829679264,-0.245161441724992,-0.260891932112744,-0.836803095687555,-0.505377806403056,0.158580612547508,0.457464643343815,0.215958709505813
"909726",0.716318958986128,-0.402421388459891,1.83089124002826,0.938705231308258,-0.199373565905934,-1.05462353906594,-0.789126120245496,-0.365758619169368,-0.00913862361654417,-0.637053281401939,-1.2146415510345
"909727",-0.650215574353319,-0.567446382815634,1.78005917223397,-0.36084833123062,-0.464039095842917,0.541752816726075,1.63632150359025,-0.196655168569978,0.21379494217586,0.734833590944215,0.724891844213016
"905956",-1.24228141851559,-0.303231609444431,-0.779870631118997,-0.143029762571643,0.644852201598452,-0.876843857064024,0.13596708413928,0.451214177924976,-0.572818340123563,-0.520112512204325,-0.146704516304365
"905977",0.547375229326329,-0.668348736797057,-0.57380711872215,0.227109830971718,-0.465588876324065,-1.09378729615604,-1.7397499959137,-0.082595497610816,0.59885174320146,-0.255063378828671,0.828938620604003
"905976",0.630771023147581,2.86741808176824,-0.4731112948316,1.11074127170517,-0.648686130082918,1.21869543446614,1.27357290611577,-0.230539631733297,0.00304069791865099,-0.545760376632793,0.608341440330268
"930301",-0.23025914792252,0.539352331385273,1.19405391466362,-1.72175381463714,1.11207656379102,1.32307206446723,1.37617714468791,1.00771308217234,-0.192714334741747,0.758680271169179,1.05980265751307
"909784",0.473439945779783,2.38384514073327,-0.0948252369613749,1.01007603809059,1.04731045755907,0.983485601180315,1.48693463146399,1.12833055795783,-0.581149518709794,2.81000291211072,-0.239165297802114
"1299078",0.967823031124037,-0.158306816887575,0.895478153733696,-0.0446756015558296,0.872610406168135,1.5624078445745,1.32736432781012,0.177065553916997,1.12879584518015,1.60229803245452,-0.478104049784756
"1240226",-0.507496031089903,-0.123357778465316,0.364386550575874,0.781086030374666,1.45157499364126,0.567629669631327,1.30462226956751,1.88004899754215,-0.477207091565441,0.783270231808328,-0.0122671893117768
"1299080",0.490799132953053,-0.780795737135159,0.503097629453524,0.422810810045063,-0.589329616640086,-1.11089595421231,0.0114937883304478,-0.562002731825951,-0.0599466533799607,0.515132326342244,-0.134687879040802
"1299081",1.49544239723115,-0.990814936662099,-0.615714276098966,1.5591508334976,1.79685842411346,0.614672092192732,0.645723791194104,1.15681718605708,-1.08542515216285,1.99399558485416,2.43482729745994
"910697",-1.53205978378736,1.08745404992233,0.602800494396597,-2.99038374187423,1.35010010013683,0.634728702739331,0.226686414026659,1.67864584575916,-0.684428283195789,0.228578312770329,1.53387040126046
"910925",0.836375740121891,0.143841813235971,0.767800817404599,-1.36176850806532,0.586164791499636,1.62363695300167,0.732779071849291,0.24224640417455,-0.810822663396666,-0.113612769148797,0.568105089922669
"906841",1.20685159882454,-0.163715951778803,0.407376083407489,-0.347632335132117,1.22800484249919,1.10187666159863,0.0273937479978699,1.64903755974162,0.295185538937373,0.29570350577269,0.062595949111323
