"","EGFR","Hypoxia","JAK.STAT","MAPK","NFkB","PI3K","TGFb","TNFa","Trail","VEGF","p53"
"910850",0.571250382903279,-0.71256983401543,-0.988756780852781,0.910373489980276,0.278892096797174,-1.00221904155248,-0.493009386785763,1.01269247364475,-0.941461018758742,-0.470945118654441,2.12346016651009
"1240147",0.167680586134017,-1.34454877303068,-1.74105102088399,0.659679573733056,0.365570328851282,0.499241983498147,0.285725002450948,0.985763356765833,-1.26412852353842,-1.10459531483117,-1.62740127125997
"907057",-0.32506338992523,0.253900381597485,0.317302447447178,-0.413576621405198,-0.827776490570518,1.52179808788043,-0.335182609897537,-0.557573566006981,1.46013950663831,-0.237876702845166,-0.542032376995695
"1298146",-0.750599031069352,-1.0680103270864,-0.551899660071795,-1.8252818794963,-0.0257751571702198,-0.630333808896989,-0.50794204232817,-0.384188209917426,-1.3895805669635,-1.54293933163858,1.44527069220529
"907071",0.454388467638413,0.240909379308781,-0.965711618909704,-0.924728159800205,-0.456650020814467,-0.76741180603391,0.0140248569684893,0.056976708119723,0.267300246471359,-1.09854533115162,0.0731172970560225
"1298151",0.739128743035182,0.121368202926302,-0.719859061659074,-0.210701426628874,0.679777073458204,-0.55820365816996,0.152952255575004,0.0668114335968588,-1.05915127667138,-0.420265295201594,1.19596091599663
"1240157",-0.814288009195284,1.20264085677799,-0.0852095463913438,-0.864567376514633,0.982909944248156,1.50903427704047,1.48640659058951,1.27794316741974,1.08575768764614,0.628303280875696,-0.63522285610027
"1240158",1.03391407846229,-0.728480555153077,0.778596846301769,1.96644419343003,-0.806747885307864,-0.061919551767473,0.367110739967505,-0.733792682562396,0.642703162234351,0.646773727926526,-0.753834869633895
"1240159",1.02364518779893,-0.294098712038101,0.503072534325583,0.180830721827779,-0.348059474129584,-1.09240679510846,-1.25161480546875,-0.695469429763563,1.00380939095042,1.39100936935814,-0.0177045616190241
"1240160",-0.26034603895773,-1.04819064078487,-0.155277053062269,0.31210644647154,-0.062955560318275,-1.36186031654433,-0.57315951424131,-0.0225084999624104,-1.433573981543,-0.296416188634913,0.0109765335177354
"909719",2.41724381295279,0.811557434203639,1.4460592031607,1.67528846256551,2.99385273506124,0.412904008300452,-1.79994654623491,2.36525517196651,1.48020477467626,1.60686736350951,0.746653764333848
"1240216",-1.21873215132154,-0.59532089401786,-1.21506549627318,-0.632103291567145,-0.556738224502445,1.43919177115071,2.34597872445429,-1.39842920601336,-0.12481939855005,0.59745907535406,-1.07768627749869
"909736",-0.097991579372567,2.70456596205801,1.66923139175579,0.856158096199237,0.608471621116487,-0.636628484356226,0.302323657059827,0.213634486989067,0.948924823255575,0.550777225859061,-0.513684806919479
"1240217",-1.47870339282119,-0.348573824440037,-0.693698781322098,-0.104318990578599,-1.56066421876524,0.719779032950609,-1.23834244317308,-1.68562893602949,-0.521512374868727,-1.44916732788428,0.745864038135042
"909737",0.376401709627585,0.828584896077999,0.939087573007995,0.0679157170226221,-0.420622838941462,0.239020071751514,0.714173996105028,0.321614094618006,-0.0236502881511638,1.56000899420745,-1.21983739321333
"909738",-1.02100853122493,-0.244546184411243,0.253567584994387,-0.460954683664488,-0.619645888909784,-1.24522733248465,0.157879201272635,-0.439363635672898,0.263592365467766,-0.00623288854342584,-0.0861446413978662
"909739",-0.816920844664656,0.220812632027492,1.20961143843283,-1.19256427157461,-0.223838040102671,1.01524156234212,0.372622323686283,-0.383736727191963,-0.394554528295209,-0.354215537705236,0.132245646883563
