"","910850","1240147","907057","1298146","907071","1298151","1240157","1240158","1240159","1240160","909719","1240216","909736","1240217","909737","909738","909739"
"Erlotinib",NA,NA,NA,NA,NA,NA,NA,NA,NA,NA,NA,NA,NA,NA,NA,NA,NA
"Rapamycin",NA,NA,NA,NA,NA,NA,NA,NA,NA,NA,NA,NA,NA,NA,NA,NA,NA
"Sunitinib",NA,NA,NA,NA,NA,NA,NA,NA,NA,NA,NA,NA,NA,NA,NA,NA,NA
"PHA-665752",NA,NA,NA,NA,NA,NA,NA,NA,NA,NA,NA,NA,NA,NA,NA,NA,NA
"MG-132",NA,NA,NA,NA,NA,NA,NA,NA,NA,NA,NA,NA,NA,NA,NA,NA,NA
"Paclitaxel",NA,NA,NA,NA,NA,NA,NA,NA,NA,NA,NA,NA,NA,NA,NA,NA,NA
"Cyclopamine",NA,NA,NA,NA,NA,NA,NA,NA,NA,NA,NA,NA,NA,NA,NA,NA,NA
"AZ628",NA,NA,NA,NA,NA,NA,NA,NA,NA,NA,NA,NA,NA,NA,NA,NA,NA
"Sorafenib",NA,NA,NA,NA,NA,NA,NA,NA,NA,NA,NA,NA,NA,NA,NA,NA,NA
"VX-680",NA,NA,NA,NA,NA,NA,NA,NA,NA,NA,NA,NA,NA,NA,NA,NA,NA
"Imatinib",NA,NA,NA,NA,NA,NA,NA,NA,NA,NA,NA,NA,NA,NA,NA,NA,NA
"NVP-TAE684",NA,NA,NA,NA,NA,NA,NA,NA,NA,NA,NA,NA,NA,NA,NA,NA,NA
"Crizotinib",NA,NA,NA,NA,NA,NA,NA,NA,NA,NA,NA,NA,NA,NA,NA,NA,NA
"AZD-0530",NA,NA,NA,NA,NA,NA,NA,NA,NA,NA,NA,NA,NA,NA,NA,NA,NA
"S-Trityl-L-cysteine",NA,NA,NA,NA,NA,NA,NA,NA,NA,NA,NA,NA,NA,NA,NA,NA,NA
"Z-LLNle-CHO",NA,NA,NA,NA,NA,NA,NA,NA,NA,NA,NA,NA,NA,NA,NA,NA,NA
"Dasatinib",NA,NA,NA,NA,NA,NA,NA,NA,NA,NA,NA,NA,NA,NA,NA,NA,NA
"GNF-2",NA,NA,NA,NA,NA,NA,NA,NA,NA,NA,NA,NA,NA,NA,NA,NA,NA
"CGP-60474",NA,NA,NA,NA,NA,NA,NA,NA,NA,NA,NA,NA,NA,NA,NA,NA,NA
"CGP-082996",NA,NA,NA,NA,NA,NA,NA,NA,NA,NA,NA,NA,NA,NA,NA,NA,NA
"A-770041",NA,NA,NA,NA,NA,NA,NA,NA,NA,NA,NA,NA,NA,NA,NA,NA,NA
"WH-4-023",NA,NA,NA,NA,NA,NA,NA,NA,NA,NA,NA,NA,NA,NA,NA,NA,NA
"WZ-1-84",NA,NA,NA,NA,NA,NA,NA,NA,NA,NA,NA,NA,NA,NA,NA,NA,NA
"BI-2536",NA,NA,NA,NA,NA,NA,NA,NA,NA,NA,NA,NA,NA,NA,NA,NA,NA
"BMS-536924",NA,NA,NA,NA,NA,NA,NA,NA,NA,NA,NA,NA,NA,NA,NA,NA,NA
"BMS-509744",NA,NA,NA,NA,NA,NA,NA,NA,NA,NA,NA,NA,NA,NA,NA,NA,NA
"CMK",NA,NA,NA,NA,NA,NA,NA,NA,NA,NA,NA,NA,NA,NA,NA,NA,NA
"Pyrimethamine",NA,NA,NA,NA,NA,NA,NA,NA,NA,NA,NA,NA,NA,NA,NA,NA,NA
"JW-7-52-1",NA,NA,NA,NA,NA,NA,NA,NA,NA,NA,NA,NA,NA,NA,NA,NA,NA
"A-443654",NA,NA,NA,NA,NA,NA,NA,NA,NA,NA,NA,NA,NA,NA,NA,NA,NA
"GW843682X",NA,NA,NA,NA,NA,NA,NA,NA,NA,NA,NA,NA,NA,NA,NA,NA,NA
"MS-275",NA,NA,NA,NA,NA,NA,NA,NA,NA,NA,NA,NA,NA,NA,NA,NA,NA
"Parthenolide",NA,NA,NA,NA,NA,NA,NA,NA,NA,NA,NA,NA,NA,NA,NA,NA,NA
"KIN001-135",NA,NA,NA,NA,NA,NA,NA,NA,NA,NA,NA,NA,NA,NA,NA,NA,NA
"TGX221",NA,NA,NA,NA,NA,NA,NA,NA,NA,NA,NA,NA,NA,NA,NA,NA,NA
"Bortezomib",NA,NA,NA,NA,NA,NA,NA,NA,NA,NA,NA,NA,NA,NA,NA,NA,NA
"XMD8-85",NA,NA,NA,NA,NA,NA,NA,NA,NA,NA,NA,NA,NA,NA,NA,NA,NA
"Roscovitine",NA,NA,NA,NA,NA,NA,NA,NA,NA,NA,NA,NA,NA,NA,NA,NA,NA
"Salubrinal",NA,NA,NA,NA,NA,NA,NA,NA,NA,NA,NA,NA,NA,NA,NA,NA,NA
"Lapatinib",NA,NA,NA,NA,NA,NA,NA,NA,NA,NA,NA,NA,NA,NA,NA,NA,NA
"GSK269962A",NA,NA,NA,NA,NA,NA,NA,NA,NA,NA,NA,NA,NA,NA,NA,NA,NA
"Doxorubicin",-0.775034844472351,-3.31004947521432,-3.2299491232126,0.870706891756016,-1.34411640017619,-1.89317981375557,-0.536891228185902,-1.15917521085983,-1.36162059581104,-3.32793260308836,-3.62051339339968,-2.69587562407158,-1.44432876876408,-2.17458888549645,-2.58765153865027,-0.409988202249512,0.412765567572377
"Etoposide",1.64496024261005,-0.309628948028012,-0.506600194059462,5.32929697567389,0.952224092220628,1.71104548444044,3.65214043808825,1.52437980874179,1.84971511164586,-1.24401619528527,-1.2118839437463,0.249700555875406,2.5976585179465,-0.0187951255477212,0.668841126167054,2.9237284372162,3.45336596221924
"Gemcitabine",-4.35503773982626,-4.21263655836159,-5.19950550385733,-0.464035514057845,-1.31767823595327,-2.78660565835032,1.54783646790677,-4.69082441514781,-2.04661342088245,-4.22028848934131,-4.10360487307482,-4.20207718526221,0.115825263025963,0.251561855716638,-3.00047533817641,-3.94820535668797,0.703522030006138
"Mitomycin C",-1.49731473836907,-0.230433217367533,-0.475876519561151,0.482121546962817,0.687228582219027,-0.487446798950385,1.70028207996894,-0.525176132751539,0.533342336025258,-1.67256371890782,-0.413997152384274,-2.63215347702348,0.833185759374525,-0.0828175035853983,0.434361762644201,1.24689417698022,-0.131577274249638
"Vinorelbine",-2.33211884586909,-4.38611435341964,-4.61694702540623,0.487685753949464,-3.67367426720768,-4.86482644416371,-2.74742572289401,-2.54974422771381,-3.10786307184625,-5.03302417322167,-5.28000881973003,-4.59355953668596,-4.70493960456128,-6.23960505161498,-5.11341775817986,-2.04842726100525,-2.41840449476625
"NSC-87877",3.36892861083005,4.33281073765529,4.27276554394154,6.05994778872244,5.35171901237278,5.29659276747325,3.07926563271841,4.46734240223081,2.57428244933279,5.19353678719107,4.8583813259644,5.03019384039079,5.38869602640203,5.4074442848731,5.34688367291181,5.61981056299197,4.40080171627268
"Bicalutamide",2.87589737194746,2.24859071059351,1.94095606960529,3.31972968970969,2.59426778192228,2.81245539701024,2.53501124914493,2.16735771477037,2.66531594130174,2.41982798930456,2.37740724105528,2.73525290772841,2.79064973296999,2.36153770113327,2.98096821877922,2.60046606674082,2.15963076386796
"QS11",3.25641249906325,1.21184755265188,1.86826791011968,5.62231478270374,3.80996769422446,3.89003347710868,5.0951326580676,2.18848598863333,4.10187109804968,1.40442371249972,1.5414929462076,3.66976545874623,3.97585428728493,3.18553709810619,2.95810766491415,-0.227115793602543,4.31778889170242
"CP466722",5.50681113066627,4.3480892248468,4.04118653343074,6.05556448594286,3.18123498064158,2.93002272483758,2.22578651317655,NA,4.01681558846026,2.75956466643867,2.57039603782513,1.227822182099,0.670045499119258,1.75857176926527,1.29133462788884,2.05100584541186,2.57633390232938
"Midostaurin",-0.239398127322394,0.370124796397473,-1.2205257143657,2.60164349750231,0.379779839713466,-0.594473363349245,0.648964320711564,-1.93100400364339,0.178042368671486,-1.03612742516698,-0.733077800592254,-0.490213662227346,-2.06241881848419,-2.21517730122089,-1.49509830823702,-2.00265677603054,0.998343787083474
"CHIR-99021",3.40405802440096,3.47914943019353,3.3079459106948,4.22602608710965,3.52609236035176,3.69742920596044,3.73882621457324,3.27925203820043,3.13602592382818,3.35457668964154,3.29152299117273,3.47933386820078,1.55848734694164,1.90835962251968,0.742840107485989,2.30109400516575,3.14189816563513
"AP-24534",0.0362319391255246,-2.52773988970988,-0.927487149923688,0.709722169972034,-1.23381698346555,1.38718313619625,2.16150202408365,-1.16769085079006,1.86096639732502,-1.41777133567555,-0.853268972514546,1.43535396672731,0.180175792487138,-1.35155116767878,1.49653956656459,-0.830295389140632,0.917985619170214
"AZD6482",2.71716650872798,2.93283869592735,2.04738174138034,4.04721543181518,1.64011816518614,0.82018406929947,3.37533615098688,1.49619988631006,2.21569974694633,2.87904856576592,1.98192255938052,2.61016252950729,1.98689981255384,1.79423480618718,0.0971645210446977,1.56160731782262,3.24868230381144
"JNK-9L",-0.91703901187867,-0.529517268863532,-0.947509231158804,0.888274741027507,-0.734153095152809,0.050286481309685,3.28214933935531,0.345057470165499,-0.583422292741684,-0.392461785285043,-1.16527449383784,-0.190304175882204,-1.09348135969993,-3.22091283245253,-0.86498155282104,-0.4641863885336,0.595891921323665
"PF-562271",1.62694423422907,0.950748226590102,1.75069580768929,NA,NA,1.76395870736033,2.99648992078033,2.08103118518435,1.32428598579099,0.999572692584211,1.53998501210309,1.85949870335111,0.468649093325815,-0.443461845991105,1.05682235158203,1.30756139983923,3.23054749505781
"HG-6-64-1",1.01915331281498,-2.3988801932796,-0.0982690112971612,4.53975085349344,-0.920504852368123,1.42313913823377,3.58334047243994,-0.636101576119385,1.15127328470725,-0.1905382129985,-1.06088919381723,0.722723347664902,-0.027520622703111,-2.27794097995642,0.124281032125487,-0.365699040379479,2.44473832997427
"JQ1",-0.110676461748763,-1.45696579408435,-0.230574043740596,3.50612717295739,-1.65024533511298,-1.45528083551302,3.73835564929486,0.66465239358255,-0.752858572482314,0.0229580036887451,-0.108627229792495,-1.15037748393484,-1.57536516043191,-1.745594840768,-0.503511910124116,0.351034735884344,2.93362173002986
"JQ12",0.161047796132953,-0.668610585179047,-0.669282209400724,NA,2.22867675615815,-2.22307018007384,3.82054828623117,-1.0275981504198,1.65347763282653,-0.113283633309986,-0.359571901426859,2.55726737059709,0.911928690719565,-0.573581898794406,-0.890615625651752,-0.290358968098124,3.89614126364738
"DMOG",4.91167308111287,4.54307454734035,4.06060666084818,4.52425519015752,4.28219940497929,5.47751254489547,6.47639647733583,4.49505438827215,5.61044724954971,4.37205222160929,4.40933683226445,5.12254693856914,5.91367744844669,5.81861451539402,5.2893835685266,4.44145347288839,7.46004383528862
"FTI-277",2.5994964349928,2.5423549479646,2.00789170611745,3.16120432044319,2.52118472702931,2.76601689818326,1.27086319203377,2.20867145796107,0.490760994831245,0.585950786792085,1.11197145915326,2.61469270777022,1.38939833698475,-0.961611537563705,1.36516007432949,2.54274416913467,2.31851201752273
"OSU-03012",1.15626455019334,0.442512731314141,1.12859273787447,3.04836399096022,2.38515262490867,1.26361053537556,2.62500148407499,1.58986663854487,1.61843815711905,0.185110934113988,1.14131047505334,1.23963365395725,1.92903675195908,0.679687906682526,1.6782361803496,1.75207607955552,2.61130869956546
"Shikonin",-0.551026204448525,-1.28437368852902,-1.74771313243061,2.20158176183251,0.126454367685957,0.642472297221375,-0.256825590506508,-0.70820559154995,1.01960901339043,-1.40643813898946,-0.617831300327228,1.02008519905806,-0.149206647419954,-2.05231531772066,-1.1232684292528,-0.232877053419608,2.25321000934548
"AKT inhibitor VIII",0.991156355318064,1.93390141807913,1.1402307994474,3.4887564618822,1.7591712681938,0.057011175065135,2.94056033567384,0.178083276522942,1.40337514197305,2.02700858723153,2.65870432630472,1.46022297857649,0.937441606658152,1.41854137462212,1.20434388361383,3.07296332137904,2.95690149898187
"Embelin",3.08063733110393,2.15145896195813,1.90362643485132,3.19146855677705,2.44789977212128,1.79914826429742,4.49251951247702,1.97163145130064,2.77812080177475,1.51003853527891,2.43863739587314,1.88578273264469,3.50738602738984,2.17276187595458,2.67039632116971,3.04590815681313,4.53549997763863
"FH535",0.874852521304372,0.345836753984996,0.887590563657023,0.845837624233456,0.294769202548176,1.14017120875687,4.07730546225587,0.532162690680792,1.04947093953476,0.170029869038035,1.09050815079417,2.2744956777547,2.08755313004203,0.360302776936009,2.16469899702736,1.62881821625237,4.43431002406938
"PAC-1",3.00514408932931,0.784182288091123,1.13438490267791,3.47371084201077,3.338576348309,3.0357505552846,3.72901716864407,1.58228469751159,3.55119243312497,1.50890465388987,3.15583125623311,2.0911590820573,3.08301275123201,2.90858270472601,1.29398200340877,0.671794497545974,2.69168588005282
"IPA-3",3.52554720128337,3.36407753356625,1.6400505934914,6.71923354173555,5.75955313368115,3.33092729209224,6.27800528520844,3.08102295131075,5.44992292942206,2.85356658926002,3.2814161173825,2.9592208338311,3.93905673396294,2.80312135210145,4.08901997718575,3.43084321779719,3.71744944267848
"GSK-650394",2.34200664500594,1.57658835247293,0.043756259823065,4.74635149308914,2.53065607360661,1.85633740491027,5.26103120246595,2.72088713904349,2.00120032265086,0.507387268516189,1.36582356034853,3.23973197582572,4.10930033112845,2.47159756383721,3.54636324350968,2.51300155538383,4.32167128217228
"BAY 61-3606",1.54444839541039,0.892467510653159,0.873168872530746,5.30724380792134,2.45337816810197,4.87134597924851,4.39093368915714,2.28474958316378,1.6693183711411,1.1093753465802,0.676163899240553,2.42360272484147,1.10590562865046,0.244979309088142,2.13330407704197,1.36301207170258,2.81421650974455
"5-Fluorouracil",6.23312737417045,3.77210903800225,3.74963933578026,6.75923315845793,5.72842038743934,2.83932333957466,2.80810220338676,3.83324758159453,5.00480757571168,4.00800095300211,4.31149384491871,4.83590498549078,4.71021755433336,2.64669200747861,2.21472507288666,4.29903533811925,3.17704094083149
"Thapsigargin",-4.1262710171589,-6.08571873627082,-5.01274485469659,-3.11213897238175,-6.15118412344032,-5.90426072329011,0.79393611621278,-4.33228831758281,-5.95323909028552,-4.97340356928347,-5.37517150354879,-5.73974265931629,-5.37197407947682,-7.73607708362482,-5.4079360881626,-4.77909576148093,-0.504694273121515
"Obatoclax Mesylate",-1.5641132167706,-4.31938806735565,-1.80168608200527,1.67004207395584,-1.36178814315966,-1.87549615797961,1.90537077194574,-4.47199539428508,-1.29901993045389,-1.26312595765033,-1.46436358242211,-2.66267217734169,-0.251981098375229,-2.89256866295532,-1.96076358959364,-1.60291425141057,3.53048098383375
"BMS-754807",1.58131287653358,-1.79570408942099,0.781333042577903,2.24754583939874,0.230735885621011,1.83445150352922,0.682212871075385,1.12113671355664,0.685029588287863,-0.157163675880856,0.399293753372706,1.81035986275927,-3.14159661720369,0.0916660455562547,0.226969704099516,0.566369424038452,2.15278367756514
"OSI-906",3.46013953436555,-0.293370822499508,2.31059350477648,3.30191311571502,0.304279050971821,3.71923411679828,2.76520083413949,2.3015905239957,1.18800802451161,2.13121571511872,2.09372360463404,3.14594103749784,-0.549518983733415,1.32474738687313,0.675495981546066,0.959706630127101,3.18163782914695
"Bexarotene",3.26974553698147,3.4566210071715,2.92117662105176,4.90727589082451,3.83476654719594,1.2447590688692,4.86448046844443,2.2780166283974,3.05414903476689,2.34654168135856,2.6661851217744,2.7749227253257,3.01469677420876,1.55063370134152,1.8624649652635,4.99834541676515,3.34787405670018
"Bleomycin",-0.117293672381394,-1.1810343554168,1.30087290053008,5.33744710709241,1.1058427651419,1.31320531680823,6.42653028185609,2.00427972520168,2.25546647097136,2.50066978553774,-0.216781663940644,2.39575677597025,0.226876798737501,-3.2282750222918,0.185297166874151,-0.482029060238839,3.76378277902351
"LFM-A13",5.50879378968993,3.91648250558012,4.26857471823399,5.77186243641802,4.80927637006415,5.04096921566909,5.33749105491965,5.01988098323045,4.25123613207732,5.18390706045724,4.32800940131634,4.90214485373517,4.67167317574704,5.37710763942217,4.98646180697002,2.13687934533859,4.85999976072454
"GW-2580",5.86477863819261,4.92843445557618,4.65866878630865,4.76271210662529,5.29448569761276,5.78817340601503,5.75911171113868,4.36309079869147,4.49532702167899,5.04910231866514,5.3367192154601,5.08217321514369,4.83404750720083,5.48311005824508,4.50005715268268,5.62358227824669,5.29605607240775
"AUY922",-3.95182509319695,-4.42948134960724,-4.23729258569791,1.88892070579455,-2.94869979324889,-3.00514695453413,-1.30530491938397,1.22266401404116,-3.33571085413202,-3.7636752980562,-4.66645362266168,-3.19233931290168,-2.34549751805096,-4.20214611830772,-4.57996093190947,-3.92322237434825,-0.830213157678692
"Phenformin",8.71591802375916,8.00387610738902,9.54980791980431,8.68682616062714,7.70036077940728,10.4686569520676,9.95594138025452,NA,9.51859451553258,9.29060416276811,9.01883307106824,10.2571464265458,8.07942845172587,9.07106258639394,8.17988053214885,7.39678303772051,10.4803321459615
"Bryostatin 1",-4.25480418175162,-3.26788043688607,-2.44060241181687,-2.26579441594197,-4.71554625206512,-2.25255002228506,-2.00081931482565,-2.43750061374865,-2.19701701590443,-2.75317550555247,-3.32924359098272,-2.93060671520329,-2.3054147017331,-2.27871432434107,-2.55948874626564,-3.04031567355684,-2.52955436168732
"Pazopanib",2.17316394287374,0.0539822314924386,0.564875035698689,4.30390707852223,1.35966447954429,0.434529701222335,4.88469811998943,-0.405475736537731,4.37299042926095,0.973620457309104,2.14642409517124,3.88140011596943,2.02340145319956,1.30617157280626,2.10166297101724,2.61076228734527,4.07821257379964
"LAQ824",-3.29355521330729,-3.98839183631649,-2.74684738118152,-1.4530622482178,-1.22994361776526,-4.27948303398927,-1.25661860773983,-2.37757973593269,-3.01854769466272,-2.45419768724202,-3.08222889015261,-2.39406018803445,-2.75252960935659,-4.23713807172028,-3.94575285486723,-3.20101471556601,-1.60559943226361
"Epothilone B",-5.71413777424947,-6.00439333418329,-7.5309868029236,-3.78959603372395,-5.0248517296387,-5.17816870453764,-3.3276350446703,-5.84857131320904,-6.32280909144686,-7.42860350952434,-6.66315525785127,-5.04277751833614,-5.14260515567106,-8.9174213108836,-6.85281849291857,-6.46056426161295,-3.59080510143832
"GSK-1904529A",2.33128377351491,2.18007469526889,0.478048801772859,3.07478640188304,1.53088601360609,1.21385873536993,2.56774570848002,0.752809986905785,1.83210389289902,1.53493979294134,1.47049845533954,2.153107062038,2.31972891945305,0.424707085121498,1.68926490242733,0.151248139511345,2.25289169187108
"BMS-345541",4.00750134470087,5.18613090236274,4.29425922548162,5.80525608232872,5.29532774210237,3.04624096326278,3.10469580699592,5.02894538517034,3.24794486530374,3.11774779667675,2.84445545313184,2.59544261358698,2.8262680047689,0.86651761837039,2.20935172478845,2.66624617332989,2.72141402318485
"Tipifarnib",1.19137332376125,-0.631712988630424,-1.20725208341285,2.52644136291525,1.78107784066609,1.39788197463796,2.82189333722155,0.748040605739108,2.12947524762766,-0.161229304966107,-0.867109514399074,2.15131280199029,2.02023739942097,-2.86618046802973,-0.151557619917982,-0.5896263971373,4.32096676208176
"BMS-708163",5.09322665015184,4.84051931671048,4.73591678963071,5.18296891766007,4.90925561336691,4.41687912868916,5.14806533740108,3.32822829317735,4.86574929467217,4.74744603729517,4.70676143550777,5.04223632238796,5.24282550411748,4.96078639254612,4.97990635319725,4.0452829507249,4.56348576375084
"Ruxolitinib",4.2504244608991,4.10788283333169,3.65049554304565,4.95233466142533,4.05141139965685,3.99440436012728,4.48819490904324,3.39640584506423,4.29792091301737,4.0229219518833,4.00902398330607,1.35173144065487,3.9849454732988,4.27067664933233,4.34355927517571,3.36484058850185,3.95376335400246
"AS601245",0.859814665204873,1.87607432516536,1.00913401099924,5.04326010786874,2.30506455718233,1.703466592657,2.89647137686258,1.44554828869507,1.88094033868586,1.17238986721389,1.61567520680259,2.46767605112894,1.18194139729628,0.179626582002064,1.09388846132619,1.28769182505334,3.03181953705776
"SB-715992",0.726544624745292,0.00838079577966461,-1.50183032449497,1.24028814802986,0.52834635268447,-0.46553539391714,-0.988455199959344,0.369017750504299,-0.209936049104397,-0.806783141089065,-1.16598250219774,-4.30123678131957,0.0411329716598439,-4.11230527534654,-2.89723654805166,0.531093472990417,-0.920264691218907
"TL-2-105",5.1900852493682,4.7058225356364,4.73262283007054,5.62231478270374,3.71399143876944,4.15195770089123,5.09248732979522,2.78292388167951,4.96781246356018,3.93444528657642,4.68786592036978,2.71564901871033,4.31148258965309,3.3584100452887,5.16896881247151,4.24250411901376,3.45204504802495
"AT-7519",4.14732274500806,4.20878080550879,1.81426053691323,5.07726460527969,3.09995650139611,1.14377736841764,0.355837682756137,2.158714356719,2.81346216337062,2.94064987783062,4.64654211335475,-0.771350268135622,0.202691594686133,-0.289716344957256,-0.697576813997669,3.07962809868605,0.934924462916281
"TAK-715",5.76103760673474,4.77199868648422,5.40534744357334,5.65591813560365,4.75372358914362,4.20458645201279,3.99157656413167,3.20419217445413,4.67616756912631,3.71904252698492,4.37120681535061,3.44611526555925,5.91225615806011,2.60103774588173,3.67588896619678,2.46212915103462,4.48095155762425
"BX-912",5.18048836543759,3.30429471972052,4.10837490598702,5.6046628901933,2.14537171490049,3.41707254507631,2.78827601266778,3.89474209913198,3.43384169283308,3.56823139331426,3.15732616012574,0.240600387736202,-0.0974817127230949,2.24083290362855,1.21192579254428,4.55494358864402,3.19105805337267
"ZSTK474",3.94587146427068,2.03579703509624,1.7852866152439,4.57485830705629,1.13030147122417,-1.34602513477142,1.72079396193084,0.787080428930529,2.11712239764899,2.07321856368212,4.01757023319519,-0.586786297985788,-0.747914725890256,0.835153708398102,-1.2215280336619,0.445678359078729,1.57558795265116
"AS605240",5.86427465913173,4.68672027290262,5.40534744357334,6.28677661292811,3.18352747558702,2.4828069984301,4.34362215756862,5.28466633400197,5.5151502354829,5.2347611916705,5.32784732643735,1.13306567268618,0.705452022463865,2.73619668293802,1.55181381764841,2.0697302237567,3.87356388071753
"Genentech Cpd 10",5.19576420108476,4.47135637878268,2.35404029780574,5.62231478270374,2.14961296756863,4.6959706255835,2.38788916398026,2.51311986650308,4.94699581922131,2.25556090999759,4.67507822621968,1.01006222484536,0.557096856202189,0.479372376470991,-0.391252026896654,1.83001042689389,1.30587237416891
"GSK1070916",3.80946983996487,2.94590843397188,1.98927219443813,4.23602042158385,3.02288300985438,3.47111282336335,2.55667709728931,2.81563107807094,3.21656795486403,2.69966277012178,3.3148417386387,-2.47329924562618,2.27292927484057,-1.63647244839088,1.04738145973343,0.397129878744221,2.01381531043166
"KIN001-102",5.19576420108476,4.86961478624901,4.69507854165532,5.60017879184446,4.27351884753852,1.70918374841688,4.56902919656711,NA,4.96056407315918,3.82652892241615,4.7050239487241,0.906057142057492,1.08685336988773,2.26841955345357,1.63748179731945,1.16106731089582,1.63838049833444
"LY317615",5.8627436039822,5.53937874550566,4.53588603429076,4.82644332248953,5.58246148294156,3.32479282785961,5.62884564725691,3.79987963708181,5.63733168823841,4.06505071023805,5.37634842054275,1.91944205892986,2.86574547354407,5.44726144411037,1.48000999345649,2.92419099632155,0.810972662052483
"GSK429286A",5.84874873082795,5.17482113888268,4.52290131777395,6.29174543664637,5.0293890757196,5.62035508421345,5.80511971793724,5.52617665767857,5.46390956765756,5.10591482700745,5.36592239898165,3.76653249642663,5.84014294774899,1.55703834630965,1.94738156577938,5.0943451034543,4.26190373147984
"FMK",5.86519485502739,5.40077309486531,5.40234282426805,6.2589737665226,5.4836208166331,3.68734412493499,5.06687626525166,3.45202765631361,5.62153832268533,4.74793952670915,4.79866866871138,3.85539177645845,5.60442863994949,4.64286041635447,4.52900875776015,5.2365928643425,4.57883764710391
"QL-XII-47",3.01288776687828,1.90899217115599,4.73591678963071,5.35904558467719,2.97142571344655,2.03341513045169,-0.55570522589235,4.91204316856889,4.88534845942444,-0.870494621750737,4.16683850699522,1.61853811509043,0.158778241374627,-1.04125430354967,-1.9366982617284,0.768778003812238,2.56521928919905
"CAL-101",5.65887355318091,5.53065199120799,5.40534744357334,6.03623573016572,4.77556907062008,2.83213352436708,5.57878251928943,4.37570387886497,5.54202079942361,5.41496823903623,5.37204109144757,3.61842823813516,3.47352054904122,5.45840537289492,3.00746706695811,5.79135114566071,4.3169821151662
"UNC0638",6.55632115977155,4.45443559961486,2.79106904121989,6.92502887831369,3.29800845795379,2.2770323947332,3.70580129878363,5.92485945442845,5.85538878054842,3.42164033140105,3.08508742811182,4.63807355812182,1.84787550019353,1.92801469860139,2.10963366017165,4.50826935498849,1.93536381837837
"XL-184",4.50261702052481,2.53961605327602,2.28011905639879,4.90940189518907,3.45518879949106,2.91693007316161,2.31741770767748,0.611288468024653,3.14217113635331,2.69584587665307,2.77351805502249,3.03500003793562,0.699120720818502,3.25087583629339,2.77634983487439,1.58227204278803,1.64192380273126
"WZ3105",3.11609619694396,2.20084410183877,1.55170870102738,3.06894967966507,1.90852949949498,-0.52587984521947,-0.767314737764797,2.82756822187049,1.87834847919558,2.39084427338102,0.894385564245366,-0.471556537736161,-0.105756323375535,-0.786219870316464,-0.0618671595611136,2.75240651204399,0.729019947276614
"XMD14-99",5.18909893605521,4.57355185061553,4.49340217558568,4.94954478209725,4.89990011667912,3.95853558967042,5.10456944628553,4.91204316856889,4.81426010184621,4.64102621484801,4.67809938434505,5.02971181527809,4.53468236257468,4.94396859749353,4.23594449027222,4.75622724496432,4.03330916656298
"AC220",2.89317910809071,2.55790306546392,2.43333169663666,3.31726003029098,2.58949922959279,2.81733107576801,2.84568414291123,0.802105212820357,2.66285480994923,2.42963041213303,2.40498254941257,2.73652367511308,2.91253055339638,1.65560668222789,2.73048340291195,2.94262040170263,1.37326566212844
"CP724714",5.19576420108476,4.04652292186287,3.16142351974391,5.19330527013939,4.19794295916943,2.26009705241064,5.09566600490153,4.28273353870673,4.90908819150184,3.88795987284094,4.71071741375513,4.02047467222076,4.62665145289737,4.28853750887093,4.02654446680098,2.84402096536615,4.39008719671574
"JW-7-24-1",4.23358302593296,3.35714250176689,2.24484282810777,5.04026337314402,2.06862909370275,-0.168026738152457,-0.0492699464333901,1.37330078525765,2.28481713933369,0.689333938953859,4.71071741375513,2.12461398578958,0.876900960361867,0.834065141695015,1.1828593119626,1.80523909462898,2.07070634679074
"NPK76-II-72-1",5.19576420108476,2.77509763722213,1.11346218056447,5.62231478270374,4.30394441962999,4.09348204975139,3.85083681000867,2.27248122865006,3.35027388312798,2.47969021617024,3.79223488514923,3.05223718773453,2.12106491068488,0.859563297221795,2.39012034391308,4.82110223049382,1.86899039905689
"STF-62247",5.10872463370979,4.51480577584861,3.3815049048855,5.55301313714592,4.22604730557754,5.11991616876206,5.15555760189122,3.63701480673007,4.93758841717789,4.74791884553035,4.28737047473218,4.11834659275638,4.87417151197701,4.55488327237756,4.14021440813104,5.24038649372801,4.26354097563892
"NG-25",3.02419599513809,1.72881073200224,2.04810531506703,5.62231478270374,3.5489408899495,4.55888514950034,2.118299851744,1.71776282574699,2.14519197306973,1.97800861878839,2.18744903617421,2.95216291835917,1.81507979862308,2.30679228938773,1.8817609743037,1.62553408915756,1.63696520399897
"TL-1-85",5.18766788123373,1.66058330109541,2.1609238988338,5.62231478270374,3.47122554723878,5.09342242242481,2.99441610917681,1.89720872129114,2.63467316261935,2.21552245607313,2.81939038641059,4.11573552782834,2.23368572839668,1.89823115573662,2.15199974128315,2.20042502438863,2.04574004946804
"VX-11e",4.50261702052481,0.11568139549339,3.34568804062027,4.92916760214379,3.40193616507112,0.73870501150855,2.21873621721477,2.50982479964284,3.31460269042487,3.22901871543932,3.52678915839653,4.20498690463803,0.565754122888636,1.14233230439468,3.23671829970286,3.40088372231041,3.84041586980144
"FR-180204",5.86198424317099,5.43920485868405,4.85156481734664,6.19761171079956,5.57309135877835,3.5667014435647,5.00519517848114,3.88856238505471,5.13333606099231,5.12788910971331,5.12608060548162,5.34792389578941,5.02002756169383,5.50344300862165,5.70949658482256,5.20183126058033,5.27628229992663
"Tubastatin A",5.84624097656154,5.1804335738819,3.85114365829256,6.17486264264118,4.35680807282395,2.75659856064157,5.82925911089405,4.37231552174565,5.14315080306054,5.41719975874595,4.66320424243092,5.14053153551865,5.86597297039,3.56310592466751,5.10372485818933,5.2686463661739,3.35385723429367
"Zibotentan, ZD4054",5.83478782792598,5.51237814989746,5.35310914307503,6.29174543664637,5.29758170290878,5.78826392229633,5.71634113570098,5.55709583352824,5.59219532431364,5.41421700014662,5.36495569606616,5.67424563081611,5.27339285494348,5.17985338440362,5.89608459115203,5.8402690543329,5.28250378482553
"YM155",3.2949652164928,-1.09851524134025,-4.82017189776917,4.81920832505901,-1.73886545816123,-5.71925118728571,-5.83134387064782,-0.0260495189550528,NA,1.02251543111454,-3.0253465785732,-2.71459849626407,-5.3492793779055,-5.83223505713238,-5.96356288701845,-3.76412607834046,-3.05989408014343
"NSC-207895",5.85136845009014,4.41673235124496,0.376807403267569,6.28351486477303,3.27580385707865,2.36833452449839,0.719016580496957,3.53994810573753,3.31411194426298,4.77507096475376,1.71561507791745,4.28644279835727,2.88962407367203,0.762081556379599,0.776084266123368,4.68102634061203,2.97231828036973
"VNLG/124",3.80770234960201,3.26930137291784,2.57919795109373,4.30290279794046,4.21929200333188,3.37521584795472,4.25893203041373,3.33267660920387,3.81483758439518,3.68081863740225,3.11874694427815,4.34908914182801,4.54967832355754,3.73519745230905,3.56875368319501,3.58409406050692,3.58834898293864
"AR-42",0.454288589330988,-0.598390854333145,-0.0358729661857252,1.09734157448834,-0.995898996183036,-2.53069647253388,-0.539553630733539,-2.00027628996407,0.488312606671124,-0.140672382933676,-0.180255913090688,-0.68191167484512,-1.29790642260644,-0.534770303054185,-1.10150126565255,0.816680900922975,-0.313207202797919
"CUDC-101",0.777910834402867,-0.172183040511493,-1.2720990696548,4.48520223488268,-0.983641366717257,-4.17442026353262,-0.804759325015949,-0.656987350093528,0.749366306152926,-0.0662553524995734,-0.68443516670242,-2.21868007148058,-2.01986873561669,-1.14278412035359,-1.95736164480017,1.01732604856908,-0.96878702278022
"PXD101, Belinostat",1.70301203422082,-0.214702878904095,-0.743427064676491,5.61427467137765,-0.105139772518141,-3.06988881244077,-0.33691649092572,-1.14405800791569,0.635209301717773,0.627937860471405,1.12512777134688,-0.62318476149161,-1.37721366870025,-0.356274082977622,-1.07875807589091,2.0352949094954,-0.641210428421683
"I-BET",5.86483172348838,3.79783733085363,3.42849087621244,6.29158225856379,1.40353092426799,1.01464733327299,4.42254298966366,2.83618028198213,4.35495138673277,5.36083396780552,4.96605551145806,2.57027734790752,2.27428986948008,3.23279267069958,4.34725441717221,5.38952560682838,3.99324798224288
"CAY10603",2.43362074082275,0.877140345132888,-0.179697968868435,4.71271932824422,0.505478258202607,-1.50867696942909,0.516113435525153,0.346573806227744,1.5855491324726,1.25727554981166,1.04914421574841,0.309920351394348,-0.846100530505052,0.238410209624073,-0.417568774001122,2.65226325179292,0.578011214469385
"ABT-869",1.8474978837287,2.24957130619754,1.74169269593755,2.97604055770515,2.46384201387341,2.60463571850934,2.76489457887679,2.17176221700975,2.44462233216853,2.20294569012183,1.92647906925572,2.49156432133369,2.06111735567874,2.62718753970278,2.89573475036151,2.08293543755537,2.03778593423001
"BIX02189",5.86325885781162,4.87289627696356,3.6384192629448,6.29174543664637,4.85833633838056,5.10328662888044,4.39814406903419,3.18317537117947,4.41007630150071,5.24440494394581,3.6831020718517,4.44233684703236,4.88901693343781,4.91058663882791,4.07005058950898,4.17313097538768,3.79868784116828
"CH5424802",4.49953632719054,3.98220800429406,3.15817857596648,4.89283056591096,4.05703137867594,4.16422680224731,3.81979681804421,3.06347734759632,4.27469148128669,3.67510652702803,3.9638628755296,4.21844244171086,4.4538873744204,3.74609140998837,3.74015727140771,4.44455331403169,3.92490296916023
"EKB-569",3.77073806214164,3.18262490172197,1.33803648133143,3.68450865868668,3.47190993115997,-2.63569498736173,1.54607979864001,3.49621957737884,3.2496455920289,2.42592226754022,3.05381388902765,0.816941667536458,1.99494438353617,2.61558565407206,0.6759874697659,-0.0622945057107395,2.41646156090063
"GSK2126458",0.812573814534155,-1.8005745971473,0.3192180688175,1.13975754920239,-1.87706872100614,-5.63780229299651,-3.21039501629091,-1.07256140051027,0.504241344584743,-1.86807470237089,-1.19488469533359,-3.24909153906296,-3.64817243260104,-2.37169063835665,-4.36398346866751,-3.22449891979908,-1.67771623766317
"KIN001-236",5.17608358730516,4.85072906116874,3.38173118121603,5.62231478270374,4.87789258671081,2.95496304448946,4.17212269315071,2.47750827423422,4.42948585985658,4.73485891554347,4.70068421432983,4.92330254304354,5.22777612249979,3.70408196353236,3.9874031445637,4.28712454284519,3.75147887317521
"KIN001-244",5.79961260712807,3.40415296231315,2.26531596249576,6.29174543664637,4.64898297887602,2.11415649510779,3.17737454763325,2.10911080382352,3.06653441194466,3.13831349172389,3.10054721978147,2.76505497514625,1.36110228038565,1.64862415319325,2.46415889445845,2.76089599798445,2.830472786977
"KIN001-055",5.18939074441235,4.85954328434985,3.17898650818683,5.62231478270374,4.63740530557259,2.67361548090442,3.76208884761806,3.54824118624704,4.42159904931149,4.00987409441488,4.03978257836924,4.52298260464192,4.49312738449257,3.9265571391364,4.3660738687014,3.02772207612408,4.5351089005389
"KIN001-260",5.86519485502739,5.44984428649966,4.47585619106226,6.27304173494777,5.54660404674925,4.89588396030604,5.40250630223289,3.42666286221925,4.9428778047521,5.41348406408495,5.10699430154745,5.10794840665612,2.26513890654986,3.61207876630106,4.74413426970639,4.12651520176789,4.02957439344083
"KIN001-266",5.85044080265232,4.58639340663686,2.81354650501258,6.19560487080797,5.37364826652375,2.35172289423978,3.0383614336348,2.58943408117858,2.98345737165202,2.88104356250954,2.8988810605698,3.46494307375995,2.88898906797096,2.98398018272786,2.95942148303423,3.0561480264196,2.60831435304602
"Masitinib",5.45314969820167,4.19029983806187,4.4483956830851,4.64620450044366,4.13680295257096,2.89241016743121,3.57143623269812,3.1241396721244,5.55005223405529,2.07821452130199,4.78976205434295,4.09426625333461,3.5465055275575,3.28332629336228,3.18177326998994,3.29989100834001,3.36126386822633
"MP470",3.78683023448649,3.81444481717879,2.90745564741617,4.27017585367619,-0.160171310977341,2.11382892109957,4.92671662192449,3.37419855024842,5.04055404547475,1.91084390924966,2.19780750830366,4.29295671470157,4.83403844590112,3.78554001120067,3.867353879088,1.27239471347716,4.53718529110275
"MPS-1-IN-1",5.86519485502739,2.98772059845338,3.69924623575363,6.25548499763052,4.95868659047023,3.18363056017223,3.8969630075467,4.01118531839267,4.53527646436395,3.85946260335766,4.95306427941454,4.68338813035511,2.94104810729717,3.00593137818297,4.36369884796774,4.89114086965563,3.0149645400415
"NVP-BHG712",5.19576420108476,1.76431768947264,3.2453884375991,5.60793437870313,3.66546292531194,2.09279088329733,3.16200941327157,1.10076450813733,3.66790654533547,3.85051122135421,3.54715474334405,3.22584627732401,2.09629033956923,1.85521774213914,3.63972028882086,2.95887828778101,3.02146013409848
"OSI-930",4.70559443162392,4.17841196991699,4.43399455164738,4.83096706824709,4.73837336546304,4.66407627709116,3.37965607040932,4.91204316856889,4.41389768092473,3.85898923208353,4.34540640362312,4.77324008665652,5.22768981976325,4.85311635556803,4.50331888712848,4.07071846979794,4.30159770242452
"OSI-027",5.66420980000482,2.59410414147489,5.40534744357334,4.78990671765497,0.0566886070941871,-1.46635344450825,-0.493627372330871,4.94209321248061,5.43849379188905,0.926859546867113,5.05458943267165,2.17732600538382,-0.122448692026652,-1.4743971419437,-1.6963895844885,-1.29142779972838,2.89767798407997
"CX-5461",5.19576420108476,4.83897910614177,3.4547101319937,5.62191353843366,4.91303082899893,0.435510728723499,1.14017570610933,4.41265243887947,4.56687122328252,2.29889940064382,3.59645072611965,4.37681885297409,5.24177385493069,0.60814043307512,5.24954386650683,5.24520549469667,3.43553596322391
"PHA-793887",5.19576420108476,4.86994809156304,4.05482270182033,5.62231478270374,4.80913539100278,1.35415749920176,1.58393846539689,4.42040573249834,3.53786051231092,3.83603083299834,4.70255777448832,3.888328286396,3.13293085453959,1.23857277979113,2.26414925763047,5.22115031105722,3.28105614498729
"PI-103",5.19533708599286,2.96876482454691,2.46108570414129,5.62231478270374,4.25376644530181,-2.69215166424855,-1.42873994077552,3.14151324682217,3.09634623203783,4.3632995573155,4.054082077824,-0.706398908949597,5.15282877100319,-0.117658372500799,-2.44522306242265,-1.42032828839694,2.65748491185035
"PIK-93",5.73590941978142,2.53775797817427,2.16851486118711,6.29097190392402,3.90069530543049,2.50488386383863,2.90341097797944,1.70151817374278,3.19072698542087,4.02965693384238,3.07185672381909,2.53050062461859,0.741158943890136,1.38803094090754,2.12207392391981,2.27530790413958,2.29439772090437
"SB52334",5.86502060216896,3.90660503990994,4.24888242898806,6.29174543664637,3.63496404840814,3.96528354785297,5.60280095385044,2.59925760983073,4.47958101486273,3.97033110926112,4.28657340039749,5.01539725124173,5.6640817935688,2.60939289367552,4.77354783993358,3.492305885909,4.29802013676109
"TPCA-1",5.86335191356926,2.74992863553893,2.72002414438137,6.2906132976863,3.93281144773444,2.20957536517911,2.91806520596338,1.49246067889688,3.7211219610528,3.69119443540334,2.14122026472879,2.68093083090912,2.98046335652093,1.99432516811203,2.94824602081715,2.21583336062652,3.23840114339396
"TG101348",5.19572685266614,3.28060195696951,4.32491907042081,5.14121943280335,2.11253895631107,0.571334530240996,2.05462686111743,4.25096952714123,4.95615427880193,2.2147039634394,4.71069166515554,1.41124173034173,-0.259076370296317,3.07996613397116,1.76660742936798,2.46876419317048,2.03734577716368
"XL-880",1.64304775476732,-0.865849777931942,-0.167855013505649,4.92916760214379,1.26743518469163,1.12542612003409,-0.474812370836404,-1.18358953550307,0.424342887491156,-0.155701100253004,0.776452207856356,-0.107618829142317,-1.29090193233117,-0.210166151574574,-0.303381274117148,-0.549047762582891,-0.84672049082277
"Y-39983",5.84645825557831,4.8361773484816,3.26486006731174,6.29009484197629,4.77581646628456,5.78934682270469,5.30701227506407,1.96764060726631,3.71227352285427,4.95645676810992,4.68826042917479,3.9157942456267,2.76243004452445,3.8724331126437,2.20332919528541,3.69213425328828,3.40796483710861
"YM201636",4.50157905065687,2.75994154786197,1.17663163858598,4.92611771803537,4.21714545647879,0.930540256539209,3.54560037430401,1.57560302841358,1.98625184538342,2.93371825141888,3.04118950269694,1.59436314598265,2.33368884559095,0.560384847038723,2.69633487687312,2.75185709198279,0.525407119891762
"AV-951",0.805267286228466,0.481412830483905,0.172150421881398,1.23260366305822,0.511300075049387,0.737889534088175,0.762837284490844,-0.534099971615307,0.17118049256864,-0.173679720537405,0.312910513194553,0.567853511344625,0.8607988694436,0.439225178261031,0.134480500248068,0.863178860022792,-0.759713256817721
"GSK690693",5.19576420108476,4.86994809156304,4.622442629438,5.62231478270374,4.84649426274113,3.61297410926736,4.46049574421097,4.07985538791158,4.96546544202896,4.60969371079076,4.71055420697552,5.01356628567101,3.96047407846673,4.81944629529076,1.79153197048245,5.24520549469667,3.21587565983192
"SNX-2112",-1.58752063503854,-1.92085990882943,-2.59892847703358,3.53554701604676,1.15435332570914,0.227889513747345,-2.30229666431574,0.561003257057457,0.923535505397187,-0.12307176573618,0.624997108774915,-0.971212021818398,-2.09183887072523,-2.6482951934111,-2.24243431045777,0.206795003451967,-1.09146524523089
"QL-XI-92",5.19382251548941,4.79721721416505,3.8261859525023,5.41780684197966,4.28848204587518,3.81676120816763,3.66243965466999,4.81842357340192,4.79744413367029,2.9978976246719,4.66743893994628,5.04223632238796,5.24282550411748,3.25221446666351,2.63350928836623,4.02012412985147,3.60476431513227
"XMD13-2",5.19576420108476,4.27009177085753,4.73591678963071,5.62231478270374,4.08018735169161,3.0175894526644,3.33372335738083,4.80868446167744,4.94705384376132,2.58047698273481,4.27129312752708,3.52267112882189,3.16279766545478,2.44138995499187,3.23494136696559,4.81969943691433,3.22213681693372
"QL-X-138",4.95606805694121,2.78782354424888,1.77948009487084,5.62231478270374,2.61843081090652,-0.0461699553015083,-0.141164841176211,2.38979520081469,3.07410826479315,1.29702954987276,4.71000326676913,2.22939322708994,0.432629895901477,-0.875926675484111,-0.27696654129414,2.01774895271334,1.97472422942022
"XMD15-27",5.19529996599347,4.86994809156304,4.73591678963071,5.62231478270374,4.70479898947745,5.11991616876206,4.0590994056551,4.88020141941433,4.91711058390968,4.65333765077172,4.70936684217319,5.0413425004885,5.24229099147983,4.15902992914463,3.90223825330392,5.24520549469667,3.89978614461852
"T0901317",5.1816540826883,3.97995504892835,4.73591678963071,5.561635384638,4.67755859986682,4.1826838900656,5.0053119183562,4.76524656302378,3.60941207549995,3.06303625040846,3.85065230486806,4.42599912838367,4.18590012260812,3.0692005784519,3.89596170203838,5.24520549469667,4.114121098281
"EX-527",5.73528875910959,4.79685356406138,4.1486845619874,5.84834346443732,5.02102110850858,5.78731008785883,5.72870547095209,4.58117092961651,4.99169842574214,5.06919682067091,4.67665867457217,5.70989271546623,4.93270364572265,4.46456527027597,5.76592673275081,5.9146361486393,5.29605607240775
"THZ-2-49",5.86519485502739,1.27144402212147,0.58868006704734,6.29174543664637,5.58246148294156,4.83880638715512,5.82931578450333,0.509505230646745,0.606262662561194,2.75124145702716,1.29736703282169,2.98624450697324,2.49186762688007,NA,4.33693727801036,5.89107252245481,0.580532937453363
"KIN001-270",5.86519485502739,4.37639743327982,3.85027955462282,6.27718379363575,5.14033981126475,5.78934682270469,5.58982136673804,2.8666416460062,4.77057012351059,4.54475161985776,4.60576697694301,5.29136944874829,4.06998960722192,3.67143169133715,3.77377636588021,4.35767677343592,4.83424633203252
"THZ-2-102-1",2.03064297584142,-0.185641557117494,-3.00372389825711,4.141283035311,1.80967566072598,-3.97763745179688,-2.50694937076121,-0.294759695916297,0.110609516740618,0.567999287054178,-1.31589788660322,-0.104239030810128,-3.97043856469011,NA,-2.02015896399474,1.92103603983218,-1.94292679605916
"AICAR",8.38672556940272,8.32845550897607,NA,7.72880556557893,8.4122321999996,9.66242196551595,8.08760542497893,8.23757148418146,5.89051524144763,9.36765458566155,7.09094963246409,7.5894983544856,8.16065892508113,NA,7.41594424318896,8.05938892298371,NA
"Camptothecin",-3.25642636663206,-2.30905036042759,NA,-4.75061109216623,-2.60600636878289,-3.42267419495711,-3.04766371449763,-4.45002005689541,-4.28824889049738,-2.87239778842644,-4.84649888131769,-5.24266781678437,-2.51496775839695,NA,-2.65955164881085,-1.86354848954752,NA
"Vinblastine",-1.42575104997826,-4.46795933657575,NA,-3.20996346639513,-2.77512446636601,-4.21993909224063,-3.31944002975934,-1.65910900774099,-4.09676233228016,-4.01537666021678,-4.33971300718032,-6.01676733684123,-4.73266510211707,NA,-3.96316724751639,-1.80760532102532,NA
"Cisplatin",4.82630628775452,2.65167491197913,NA,2.01899446378721,2.71100641532622,4.18997960661172,3.37788912638352,2.42244930279011,1.45390707557778,2.30370436820961,2.79995514063121,1.57420836048933,2.89728136712708,NA,4.02011926598576,3.87068911806624,NA
"Cytarabine",0.918367650978651,-1.13381994558284,NA,-0.447708915309989,1.509583790661,1.03166608048765,1.33669219608344,1.40772864788982,-0.280581874514666,0.787364317565416,-0.531494425323163,-0.587890053751272,-1.6144077186054,NA,-0.697190333091288,0.965530844053583,NA
"Docetaxel",-3.48201368830311,-5.58066884555811,NA,-3.91350117079561,-4.41492507360824,-4.98497901217184,-5.01580959896024,-3.06730790956234,-6.00080658278647,-5.45979484349397,-5.7946111107715,-6.81447692072119,-6.28417913373857,NA,-5.0633801483965,-1.47362015682129,NA
"Methotrexate",0.184410533222594,0.824705152592896,NA,0.432449997519673,-0.275022749484593,0.944153293083031,-1.45464893107869,0.772427910370378,0.159733744301492,0.812199994663684,-0.828328160732927,0.965371715203583,1.30708597207202,NA,1.34893319838096,-0.424263463604484,NA
"ATRA",5.16397542430901,4.84623156494572,NA,4.67501740056658,4.45674943739801,3.58516245059594,4.52786107238897,4.08601753890874,3.29815731611281,4.63699130162696,3.81357161577562,5.01851979577064,4.83335574765418,NA,3.91275184825992,4.56350193001321,NA
"Gefitinib",1.27702205562937,1.8492864904549,NA,1.50232899608742,1.31259744481861,-1.6413160794557,0.760828114608567,0.583318228526915,1.9416189524054,1.7276242870436,0.625187721642125,0.465387242900123,2.22337670394617,NA,2.26522393025512,0.31510784316917,NA
"ABT-263",3.52935991411649,-0.867556094647014,1.94421065945364,0.679852199465158,0.561002882295562,2.48714221137151,2.03955313676676,0.514865354210312,NA,1.68773731877497,3.07756297470372,0.132799839088128,2.61974095419868,NA,0.946392906852113,3.33091565776907,NA
"Vorinostat",2.26010420875034,0.229752363124057,NA,0.419917296247582,0.899370914614606,-0.286150125924033,1.77123507017711,1.5045119082731,1.32995781158189,1.58102064862633,1.20677378494945,0.866250074512666,1.36332339205133,NA,0.787643972031936,1.29188545226289,NA
"Nilotinib",3.56260976203334,NA,NA,3.16649140886336,2.71040367666132,3.23101972448121,3.5258801659815,3.03538169252879,3.31606819536367,2.60017444157808,3.07023750577187,2.44193387945642,3.56094958401211,NA,NA,3.61205105564526,NA
"RDEA119",1.70704737131185,0.243797175532801,2.4247251851813,2.02321172686864,0.498419609221007,-1.11854050566061,0.999241713625988,0.690135971729241,NA,0.739103878062465,0.2967198045543,2.43717336307874,-0.545152304679751,NA,1.4146474321659,1.26089075786691,NA
"CI-1040",3.12930305563784,NA,NA,2.84894273423815,1.91546800104451,-1.08291676177905,2.1110057602607,2.59543427354453,2.3328702059865,2.39233452435093,1.30143456627702,NA,0.933838695903429,NA,NA,3.00844559906277,NA
"Temsirolimus",0.70826070364022,-2.84757619122674,NA,-1.99908718813043,-4.42833018587713,-2.64680210286361,-3.04202892538671,-1.54064389914093,-1.17561660636102,-1.80533677328027,-1.9663963588585,-4.25495160723019,-3.19210759346679,NA,-2.75962329088039,-1.18457679392752,NA
"Olaparib",4.4789004939075,4.15258609998462,NA,3.92296718318063,3.77118940547017,4.26495105090434,4.3396828964371,4.15865017172109,3.91086945199975,2.12292837659152,3.34695911632126,4.32476992466937,4.44077330155123,NA,4.42516178229634,4.51996405824191,NA
"ABT-888",4.47704700630993,4.12049468813277,NA,4.61341592838441,4.13394671910989,3.02430081639391,4.40898619313089,4.00673043746752,4.16830208560769,3.74837326335027,3.99327101009816,4.3253726152107,4.46644670451056,NA,4.2799445604753,4.52834178751941,NA
"Bosutinib",3.46236286310427,1.69237206403697,NA,0.75664848939445,2.64222416487105,0.169764159168026,3.05720814161975,1.56441602128517,2.03445827775011,2.59384012229657,0.601348867141473,1.09846126372041,1.29974712828013,NA,3.4799328897508,2.13814913941962,NA
"Lenalidomide",4.44812804140662,3.39424240373631,NA,4.89195444021664,4.06898644622933,3.09302876144895,4.13593402394124,3.9245924098754,3.99112522115981,4.00871991148312,3.99385370657787,4.32366388845737,4.42637835986786,NA,4.56780055633818,4.52834178751941,NA
"Axitinib",3.56260976203334,0.0330352111116306,NA,1.74592453342134,0.839016293308464,2.42754653626322,3.50386655894573,2.66641655602342,3.08975804142384,1.43415703145279,1.830837179058,-0.0408155474987844,2.27382835055096,NA,1.36113342994803,1.98477461419204,NA
"AZD7762",2.06485880219573,-0.882804109346819,NA,-0.868523755483914,-0.0702533510542557,-0.308767559179041,-0.230170384356,2.8051089449041,1.48479519053134,1.20777771141859,1.72349925535307,-2.30216181964057,-2.46717067589775,NA,-0.446148243200513,1.51606787510138,NA
"GW 441756",3.46841488090623,2.78737931538303,NA,1.14412570102316,2.53626683912226,2.37123604047375,3.52125818088741,2.65438602106479,2.89345740023974,1.40071964034921,2.99544395999643,0.444151684472213,1.23524961654446,NA,1.36490954395553,2.7025090545137,NA
"CEP-701",0.466574289543987,-2.00861109696005,NA,-1.51148868657851,0.400435034001126,-0.0278612132993287,-0.311497129001022,-0.681868560327529,-0.0402501639288681,-1.11202364144875,-3.22947363304725,-1.5145286846912,-1.18895366233031,NA,-0.384586210296609,0.617615522381412,NA
"SB 216763",4.74021649651751,NA,NA,5.59859825608642,4.28665711131375,5.09619964214474,5.01268544779951,1.98734836499572,4.91996379824584,NA,4.68700088713782,NA,4.73881782491519,NA,NA,3.55998498552738,NA
"17-AAG",-0.703643596514238,0.162566259742922,0.105089602323951,-2.6866543819673,0.885342051585148,-0.065993435837364,1.746111006598,2.26125063274303,NA,-1.70521545506481,0.406724133907623,-0.266151800487199,0.766989324214701,NA,1.98088604423784,2.43193942777769,NA
"VX-702",3.46461570036146,3.16082609939256,NA,2.61977646981921,3.24762492079027,2.1768783484504,3.43830771832492,3.25300999153404,3.16074630311518,3.11478508765773,3.07756297470372,2.91784872099263,3.60967106506607,NA,3.37073693797726,3.55312220867577,NA
"AMG-706",2.84750963083184,1.09425071783038,3.10082175156227,1.97201471916582,1.90583673915418,3.36554031423914,2.32497558012554,2.3744228939825,NA,2.76479227031312,3.07421809679012,1.63771643804924,2.5390388972029,NA,1.65741072700619,3.59092587143022,NA
"KU-55933",4.50778385059189,2.45805899841639,3.36340550007503,3.64209627415542,2.77587800132522,2.88798938730056,3.62061593884024,2.61026571141217,NA,4.72357435805304,4.20002239041328,3.8538680316987,3.72084804959519,NA,4.55537927032878,3.47990075027404,NA
"Elesclomol",0.225066613025515,-4.69197213376953,NA,-4.66717728961778,-3.90379543451469,-3.73685972032192,-3.7041302905762,-2.00123765335418,-3.72810593661366,-3.28902205619787,-0.982047286372982,-4.36389122039095,-4.17658348101408,NA,-4.12518386242249,-4.16773189770641,NA
"Afatinib",1.57977508028338,1.75237721341275,NA,1.93746112561802,1.54867321763517,-2.18774694002386,1.16821588560187,1.23539249401985,1.93931240455568,1.17965675604418,1.3792383738608,0.363109002190665,2.16839564200186,NA,2.26522393025512,0.625137625214095,NA
"Vismodegib",5.15812126233133,4.20760540575298,NA,3.94946465836311,4.5289793667575,5.08192537514998,4.06666190529768,3.79123233524883,4.94126391579467,4.14769361342165,4.68700088713782,4.1103497646921,5.21910897750017,NA,5.18448931910853,5.22076298168273,NA
"PLX4720",5.11199720742165,2.86139117254224,4.22362533768227,3.66030989025549,3.59080979730463,5.05788926532458,3.82599909810447,3.12614867517188,NA,4.23376804883625,2.24538974519651,3.97203048795993,4.29239691001933,NA,5.18677230717342,3.58205908982739,NA
"BX-795",4.4789004939075,1.23488761808146,1.50129629641173,1.28854791080237,1.47912506771339,2.31662596706485,1.83298241138598,1.04322869945642,NA,1.72680786656525,1.12149470890816,1.86739616421915,0.609242142146712,NA,1.71486664118149,2.01762596128965,NA
"NU-7441",3.56052112778234,1.68749286494791,1.58879499081948,2.85488614966849,1.06583651711808,1.14239268265938,1.52760023641651,1.81879089760952,NA,2.24679193461922,3.07756297470372,2.61991022725909,2.13941841954847,NA,2.62092300686903,1.89830796910522,NA
"SL 0101-1",4.31882833141416,NA,4.46072931209872,5.49743382974914,4.88931430238161,4.02581866280067,3.96508387432178,4.62202730279463,NA,4.33808804612468,4.54403707996375,NA,5.21910897750017,NA,NA,4.69549330842335,NA
"BIRB 0796",NA,3.14277775133096,4.69992195840487,3.51717839431203,3.6368190735065,3.87718587091283,5.13294828396636,4.3184949981217,NA,3.9207690064522,4.68646861113854,2.74350252476929,3.1339905366878,NA,3.37294764714411,5.06253382636356,NA
"JNK Inhibitor VIII",5.15551592643818,3.01021216885535,3.2880330227037,4.669575724022,4.36306516254739,5.04146704159299,4.02972241111585,4.67250119027494,NA,4.41247433957802,4.6809299835353,2.7489359613087,4.267818497283,NA,4.16937181578436,4.71555185924949,NA
"681640",3.11212584466511,3.00837830541292,1.55884040614187,1.89991857341799,2.66597476129109,0.799683274531994,1.3251258843704,3.27888872951747,NA,2.74319721315362,0.936778306601523,2.46598411719762,3.00327701251325,NA,3.40804353155665,3.11859811741921,NA
"Nutlin-3a",3.78357440910249,4.61538876778458,2.86478174223471,4.86199114606481,4.33897215356089,2.84122031593029,4.88126482530343,4.3229976557701,NA,4.48549993184302,1.24564256026419,4.66544739994719,4.99495801571551,NA,5.0352482071858,4.9237924216265,NA
"PD-173074",3.35197709388517,-1.42478511623558,2.34989932851937,3.37848984093672,0.136010476809311,3.12382929409613,3.07319723218899,1.93640597001825,NA,1.17299594512536,3.06579060672854,3.40908188333654,3.60967106506607,NA,3.59179560329431,3.09245461052236,NA
"ZM-447439",2.86424422208166,NA,1.05251633717764,2.44079774997877,2.65182559743361,2.41149161859637,3.97922637834571,2.36324878849872,NA,2.09477187513149,1.33911134085516,NA,2.96070722049696,NA,NA,3.39563355216404,NA
"RO-3306",4.26061839657174,2.18751465996302,2.60684933589894,3.37028394054685,2.90935237505651,2.61888531752663,3.88781366497246,4.1916471394727,NA,3.45207638178577,3.77945901654528,1.89506014865504,2.90999836489764,NA,3.12342190266795,4.03450786371676,NA
"MK-2206",4.16952945831688,0.549496813034971,2.20431118516871,0.616075047098406,0.386873740632022,-0.377626185833285,0.447666965210418,1.38339165331853,NA,2.66628196258018,2.7196049597377,0.328543701347226,-0.0916020365859039,NA,0.487600996215771,2.17258414308078,NA
"PD-0332991",2.70756478319505,3.08293777697031,1.26429848902105,-0.00894339759259625,1.26019628177391,4.1735469661301,2.47496235928104,1.0439809677957,NA,2.17140671900257,0.519740749223379,3.51089389181187,1.05669175602051,NA,2.48951129622401,1.69941043342017,NA
"NVP-BEZ235",0.873809977292589,-2.82122063361083,-3.24157356214486,-2.50549341057744,-3.92212374175704,-2.77713960187264,-3.47570425878258,-2.39437855195288,NA,-1.66094914891039,-2.94942251803443,-1.75951101365206,-2.98278036184438,NA,-2.5922550373872,-2.45766980430191,NA
"GDC0941",4.25575694259329,0.0365046129908816,0.988514756718208,0.167658097654072,0.0318748696277403,-0.299521970250567,1.44983973256994,1.18863961870335,NA,2.15037077120211,3.72953411781148,0.618717006854,-0.134324287524482,NA,0.857356998029243,0.934036311104141,NA
"AZD8055",1.44242378927888,-1.12977018625542,-0.351178945463245,-0.994101406399754,-0.972330630160116,-0.405373577660885,0.0666847746822549,-0.12819098618062,NA,-0.415327856232201,0.61833672228233,0.40727037767302,-0.121287271362617,NA,-0.0865065197018051,0.131106800129551,NA
"PD-0325901",-2.16308123384988,-2.09072835271262,-1.20232929107621,-0.996111044824308,-0.984836067987392,-3.37650137344615,-0.999665488909545,-1.08499024722068,NA,-1.53590976995392,-2.1348215383539,-1.52278527089125,-3.85973280336201,NA,-1.86309414733772,-1.64676617470878,NA
"SB590885",4.4789004939075,1.59020222787193,3.13491278604868,4.4385585149682,1.47235079867089,4.12010798783487,4.14015309170364,4.19426306499077,NA,1.84234204943057,2.50612851985185,4.3253726152107,4.50643497621812,NA,4.56780902324916,4.48647975092814,NA
"AZD6244",2.70498800662335,3.38702290721082,1.71639679591063,2.94787806732034,2.29810208087337,-1.17803004448085,1.48785693878473,3.96296333334986,NA,1.1882938765843,NA,4.10222906389648,4.06893164246971,NA,4.34466547193495,4.29296340764792,NA
"AZD6482",3.85825064186817,1.91890504795014,3.37502083452857,1.95847326106673,1.68863079359316,0.417965306190596,-1.04975163831412,1.14936531876044,1.553491171339,2.03578459442008,2.46773269715156,3.06052441911088,3.53360623561959,4.23622133432177,2.06007466767362,2.60276076645513,NA
"CCT007093",4.40596884215668,4.4225582822285,3.53937445964139,4.68452414677606,4.46815955070649,3.98509184113936,4.08087039178276,4.4195968997899,4.44937320949029,3.64957964031193,4.26078230532273,4.33717114226214,4.8035935335385,4.50606115655797,4.84544075984744,4.13642218969212,NA
"EHT 1864",2.46741959169903,2.60115434029191,2.88575078648867,2.95771306588811,3.20925250912877,3.1158637551457,2.76876499988741,2.31463658714672,2.38916307385584,2.52307397640253,3.89731269120244,4.64087081910927,4.59860712143064,3.67829122130547,5.19917982285876,3.43823197127691,NA
"BMS-708163",3.94638492418527,2.72147424377314,3.21150721719869,3.86690441937417,2.99263649747453,3.57455168744605,4.07885419162407,4.09548399884262,3.99779143372237,3.98243779948211,2.49875156381461,3.80877131150734,4.52596179694022,2.83026588410258,3.74860005775495,4.51679363298332,NA
"BMS-536924",2.47803105693732,0.067315457286164,1.73968424818597,1.73280755871356,1.40024280768659,3.60574793708755,2.52158184346643,1.56816347430471,2.91799909116069,1.08833536535405,2.56446949300783,1.65349303721912,1.83027774914627,2.1387213610965,2.8734433861596,2.17970328526827,NA
"Cetuximab",6.87462332749156,6.34947620836918,5.9249772089922,6.24842343483031,5.29060518028999,2.26490890217528,6.40888402361292,6.58895084599918,5.55751248941584,6.46995508522361,6.47311807297458,6.10132361237085,NA,6.51971946170944,6.98870601262065,6.96141623040912,NA
"PF-4708671",3.15656169143318,3.23070848883374,4.23737595186014,3.39082923255088,3.64349690950762,3.38997707457265,3.70264833254839,2.36825959414968,2.90626834316669,2.85166133731331,3.91378358847747,5.01851979577064,5.21910897750017,NA,5.26095620380911,4.17031294486225,NA
"JNJ-26854165",3.20584047093339,1.86398767565068,1.70762566255322,2.29737007753817,2.23584224198505,2.49243921251412,3.8957950817458,2.42094519558834,1.92459351892629,2.11272766847055,3.18951925217881,2.46687908383537,2.61612561564554,NA,2.73518105391248,2.60951471353556,NA
"HG-5-113-01",NA,NA,NA,2.1952887353375,1.47539280489198,2.22140947390762,NA,NA,NA,NA,NA,NA,1.50921476465509,NA,NA,NA,NA
"HG-5-88-01",NA,NA,NA,3.01440455234846,1.8343968029501,3.19565480581019,NA,NA,NA,NA,NA,NA,1.36506433752211,NA,NA,NA,NA
"TW 37",0.77144221001595,-0.817764884102715,-1.55544056732714,-0.916152553467223,-2.11615799462494,-1.94555435744101,0.316470925039537,-0.270040700187148,-0.503949552792712,-0.508880776328389,0.107546088534708,-1.28100798078398,-1.36627938335317,NA,-0.959387527482994,-0.919294158778354,NA
"XMD11-85h",NA,NA,NA,5.44242559749437,3.91611259027008,3.87070599815647,NA,NA,NA,NA,NA,NA,4.01659290073426,NA,NA,NA,NA
"ZG-10",NA,NA,NA,4.61738534038248,1.60321544669874,1.41701890447424,NA,NA,NA,NA,NA,NA,1.02526807304756,NA,NA,NA,NA
"XMD8-92",NA,NA,NA,4.52424659400331,3.01269439490428,2.07729461788053,NA,NA,NA,NA,NA,NA,2.36829825809118,NA,NA,NA,NA
"QL-VIII-58",NA,NA,NA,1.5230609054398,-0.949795035052434,-1.78404438435503,NA,NA,NA,NA,NA,NA,-2.63300751183804,NA,NA,NA,NA
"CCT018159",2.26650030905775,NA,2.93440726468421,3.12981931896734,3.33227864610124,3.84319180109742,2.50831137767475,3.48176638655233,2.85270972410944,2.73108538353851,2.63650431343691,NA,NA,NA,NA,NA,NA
"AG-014699",3.6706072241351,4.11948500879624,2.68439491334232,4.78735252108165,3.54460586568924,3.97366141845245,3.96895537721991,2.86988274540351,2.37348561285644,3.03017679075919,3.60577306580851,4.32002433343907,4.52480490698746,NA,4.56780902324916,4.46892223377844,NA
"GSK269962A",1.49632375886121,0.0321047121934167,1.3075306798621,2.1846555094684,1.91397157242567,2.46072088052932,1.28719947690731,2.42606723781197,1.16763292898917,0.864332614044325,-0.12292672825101,1.56578336016075,3.65411200212004,0.975646840111404,0.533531907065336,2.82962864234486,NA
"SB-505124",3.95209058296865,2.33194556112562,4.27926040417043,5.44242559749437,2.37334892322554,4.96330057243156,3.35126327231548,3.82294319976751,2.99686741064918,2.06930622222697,4.17544436167292,4.38592016982906,5.07213812499404,3.60977122587998,4.13350432796101,5.08551342160049,NA
"Tamoxifen",4.37072677602457,2.29567081687794,2.91020592047474,4.74927841693443,4.09041790783521,3.28287484149672,3.88456115756462,3.89338834535901,2.82478271513811,3.674515007183,3.90714344553004,3.54498538554271,4.3789909444341,3.68632355700914,3.13758750274988,3.81195368686412,NA
"QL-XII-61",NA,NA,NA,5.44242559749437,1.79913276688301,3.30520599182779,NA,NA,NA,NA,NA,NA,4.04884776946378,NA,NA,NA,NA
"JQ1",2.4961143863521,0.143852748510765,2.30428268024657,2.63300210084561,2.48097999540111,2.29877745151777,0.670888395624632,1.88342575009418,2.02763705271497,2.33435469192455,-0.143736843797771,0.490945969374705,2.769553032,0.446132960031727,-0.026160815492854,1.16660019297695,NA
"PFI-1",2.80330811385634,2.18392279099932,2.51455334709946,3.73438310510748,2.93458390613192,1.27861737243368,3.18435037108704,3.7682997022949,2.15247935101542,1.87163624933137,2.06686379224489,3.08877706905418,2.47963459231857,2.83846307902291,2.50400882708209,3.18565201350199,NA
"IOX2",-0.142188973585753,0.123019773524304,-0.215801434528105,0.258233991970385,0.00403827342564079,-0.196869720367131,0.280637966743394,0.167414064621525,0.226674556970546,0.0319027157595406,-0.0650013983697932,0.292954968686138,-0.682306961182337,0.139969430279366,0.499501081295329,0.36245995846964,NA
"UNC0638",4.82419743171283,2.94326669926986,3.19582041706557,5.5361725265289,2.76220255851067,3.10743477954021,5.69598965886457,4.42598586417724,2.37305949532514,4.96403779979365,4.76566311205519,2.77204408137542,2.18837143152279,1.89351728194933,1.51175456412784,2.55674701267865,NA
"YK 4-279",1.57335456141665,1.82240559890633,0.807077020778477,0.582678226915486,0.918274657126009,0.916745910234204,1.62459865310605,0.553866261169849,1.07457891192282,0.346775396157118,0.51005641470354,1.79244379114459,NA,1.31734899758411,1.9267543233679,2.4737437904348,NA
"CHIR-99021",3.18751877747971,4.33725531431389,3.30992110252534,3.95838160171125,3.17839843634248,3.02839889872529,4.09677841700472,2.40702464617347,2.30804070417435,4.63752733351812,2.45091911743402,2.58391935076209,2.83452190772257,4.81140461002709,3.64498742174996,3.19362601472174,NA
"(5Z)-7-Oxozeaenol",0.71679008292811,-1.69446346127552,-0.116403533504913,3.26918541736492,1.49029589902226,0.674621552328446,1.2528561273502,1.72972532642514,1.1325714903815,0.535337536547655,-1.02548033317094,0.551138656140805,1.87740441020466,0.74188584662826,0.841460815397574,1.24586189088488,NA
"piperlongumine",2.04859865870519,0.847751326247696,0.676399579453096,2.24386319910546,1.09333660742643,2.03904155564101,1.04246294027697,1.50698065061879,1.27936786908699,0.623882739179834,0.887592377406078,1.22594112801071,1.68801900789301,1.20122665465013,0.826215578042359,1.77188202888607,NA
"FK866",-0.727499013522372,NA,-5.61785571468571,1.77953976427143,2.48097999540111,2.66017154698286,1.234996081911,-0.9599240579975,-0.438227590734044,-5.71568943196513,-5.90511726388168,-0.264304187246739,1.54152369678843,-5.98484810182713,-1.43257440781752,-2.29669770669786,NA
"BMN-673",2.86762471281773,3.40588505250864,3.69527035495214,1.13100264465429,1.24888752618688,2.31039258090773,2.60747727896949,2.6164097331605,1.94177598820728,2.7570847626248,1.28755958156625,2.56999986109455,1.91427784711086,3.09234987575255,2.75813227702706,3.67035604989903,NA
"rTRAIL",0.421070727174551,0.128487307580056,-0.268189959242638,-0.618741040727912,0.0161334333744137,0.305902755274009,-0.525108132035845,-4.33070251901654,-6.03529717905846,0.0323571475300278,-0.774379051875851,-0.537047978784261,-0.438116345280294,0.200509249822846,0.447717270547396,0.475796611018055,NA
"UNC1215",2.75941984213185,2.39762715505752,2.11854645847474,3.1355082858051,2.48097999540111,2.65888234562536,2.58325496491094,1.97099048075007,1.39378490557567,2.2191975174273,2.27312078282761,2.26448205565373,2.64742519046772,2.49791305668288,2.76645817570751,2.08363091380045,NA
"SGC0946",2.06814168303052,1.58457675312736,1.44047991683564,2.30603958461792,1.55234013026246,1.90475228423592,1.15365811848943,1.78292027530752,1.7346025105325,1.64118900089755,1.60045955025063,1.53191805261622,1.07726905947806,1.81858599117655,2.0999463777557,2.09816729522964,NA
"XAV 939",3.56394645908616,2.89331905249901,3.9285751847015,3.41164022378126,1.91008738660341,3.63108684165753,3.00656825979837,2.28746677182002,3.58087454669493,3.94368092467598,2.18009100629514,2.1294748210409,3.4323962399847,4.11833018567852,1.93601353299564,2.75430907015219,NA
"PLX4720 (rescreen)",4.40654506000958,3.23505632948986,4.35970402866618,4.36914144297079,4.39783099273972,4.96330057243156,4.19810588191568,3.32806010560311,4.61178056021609,4.01418906966985,2.42681061320081,3.47519684558916,5.07213812499404,4.7596022285582,4.61584230157387,4.82101229938645,NA
"Trametinib",-2.73833920977241,-4.32480261730247,0.282310528279506,0.173049299600017,-3.0342232403807,-5.09064506014716,-0.667257685460542,-1.85831955228846,0.895864756543359,-3.73621366369167,-2.29422968944338,-1.80755380819358,-1.94212462143947,-0.557861165309899,-2.47070182530799,-1.04840006696695,NA
"Dabrafenib",3.70169072686672,2.94651561863725,4.48789216599788,5.23203106102336,2.05878828206368,4.6055290628694,4.03714208550152,2.56808081139361,4.43046715424534,2.10950034165229,NA,2.81626585022139,4.99744707520265,4.0367953439698,4.29659154751314,4.16172743987412,NA
"Temozolomide",4.85659188478725,5.81459880879191,5.17447087653708,6.52063228385667,5.88217737706327,6.06191286109967,6.10594202057912,5.3276367634083,5.88798578391649,5.30653751087587,5.67188164522467,5.38181172409779,5.94448245629766,5.74683450375556,5.71282974421117,5.6298170953416,NA
"Afatinib (rescreen)",5.03552988392426,3.6999739870099,4.62172236526145,5.41823775511937,4.78356508839516,-0.574531936580016,4.33250463161041,3.45854707165973,4.82797317490103,3.50917661589764,4.555336723729,2.82909664706437,4.64074187357859,3.70849775130872,3.79967410807684,2.53235838056986,NA
"Bleomycin (50 uM)",3.32486343295219,1.83915589624928,1.34059109378403,3.27575237839247,0.773224445752674,3.32656614317795,2.12277285996198,2.30038432960899,0.644409210820847,3.23789933756184,-0.126604556542155,3.90348886359451,2.47530891357283,1.84564713726701,2.53528500969624,1.42817309348675,NA
"SN-38",-5.56081125259376,-2.75268337010042,-5.40614719226884,-3.97759211664834,-3.78134210070941,-2.87113528342615,-4.14159443438362,-4.47691060222272,-5.55819022818466,-3.75446912274801,-6.62641278512499,-3.18249812598174,-2.7639690744708,-4.02388884306392,-3.63966937226917,-1.48797803114303,NA
"AZD-2281",3.8140886704509,4.73157726293605,4.3563316014553,3.76617916714356,3.22087903454465,4.10453919866006,4.61808202474925,3.9285839945104,2.54448836135879,3.06788807460961,2.26381696587372,3.25352112472273,4.10131340627513,3.72829965406954,3.73387491090067,4.30083863172666,NA
"AZD6244",0.641310442676385,1.29901311439819,1.9268128713053,2.49492766721882,2.27991473067915,-1.12698315581091,1.81038508914885,2.41660149656442,2.73930663220216,0.593295212917462,1.44867931887546,1.51625981963857,0.424456888147172,2.17899352988282,1.54037861013627,0.898484208908118,NA
"Bicalutamide",3.82527484394719,3.4623323369573,4.59441822478321,5.44242559749437,4.78356508839516,4.91062065143813,4.80795168604104,4.17589021999198,4.01196306629606,3.46253794602787,4.48928408511541,4.52795018670083,NA,4.33945491498298,4.0430378187465,4.62863867665991,NA
"RDEA119 (rescreen)",0.565564033592704,0.716165691442118,2.02153112006999,2.4055219560585,0.885349138013599,-0.749010440825632,1.37376026674455,1.33341746019941,2.22408937958393,0.5897995136149,0.947575519675821,1.43323104025494,NA,1.3205395799688,1.04051887806857,0.782046882200626,NA
"GDC0941 (rescreen)",1.62971019395004,0.153233525656896,1.56614827235804,1.7534427932521,1.59903600616931,-0.934066902026216,0.948753858506314,0.89140699174388,-0.136730745100341,0.512426939534434,1.42687047839208,0.446126158410101,NA,1.7916535727207,0.0562354742129403,-0.141255428008558,NA
"MLN4924",1.0710931075984,0.114560730196433,-1.35437450531515,-0.660939846049425,-1.54059431247446,NA,0.842892402164304,-0.100601844914215,-0.284659169204694,1.02385191741838,-1.89533995200837,-0.545328150501045,NA,1.00445838846614,1.27459625427515,2.78215647726718,NA
