"","EGFR","Hypoxia","JAK.STAT","MAPK","NFkB","PI3K","TGFb","TNFa","Trail","VEGF","p53"
"910688",0.535139289674763,0.0203867142832412,3.80930473282332,-1.30935086468249,4.01234227235519,-0.497585598210385,-0.974824181564924,3.79703409404443,0.937369863637374,0.401125836411546,4.05172579025235
"910566",0.0991799374110749,0.195737559016877,-0.55137691130491,-0.207589402910465,-0.0812350323779941,0.235604290351097,0.211246110891356,-0.794812401508473,0.135003354519402,-0.244444970069516,-0.262030902995958
"753548",-0.233648413465342,0.324206391147917,-0.0121686473220844,0.812819245087111,-0.809950110750198,-0.839842574272766,0.627574400837728,-1.06149253185712,-0.508383983321968,1.24456013509065,0.22213794830889
"906870",0.842317673989974,-0.477377981814554,-0.837695619455048,0.264448135451485,-0.187575802432323,0.068292609720996,-0.72384641056826,-0.582778972799988,-0.971200383197399,0.313000343153393,0.323901728795048
"907053",0.291657830219833,-0.0503471554259975,0.229111011840982,-0.274273602474192,0.308637743357794,-0.817587128975939,0.528602179694583,-0.620404282613087,-0.126289805999962,0.269799951401152,0.444796201921613
"905938",0.949252756644738,0.663268023626039,-0.276074759972891,0.498684721221862,0.987029625033675,0.204792036834437,-1.39065503349067,1.68883156528422,-0.411224821699067,0.397482791214916,-0.359755052772777
"907275",1.34561476434233,-0.156523859763715,-1.37670383475125,0.307580242442916,-0.972972868246645,-0.562364309483411,0.0670406325803666,-0.655423271865289,-1.80976078714739,0.607843195041113,-0.237146817295584
"907278",1.48157391580724,-0.0552411980802521,1.14398645433096,1.13961685671162,0.201692747718025,1.47752879409906,0.186238482977382,-0.0133344884136361,0.761554309250515,0.0195900239624308,-0.374483429747245
"907280",0.741117100760707,-0.741716202966,2.5670719276606,0.0529883322707767,-0.259157313884486,1.97796653263794,-0.304969106522156,-0.965284443183259,-0.995248802871484,1.02781660365247,-0.892228263353559
"1330942",0.861936785112693,-0.653741794332265,-0.820635568372782,0.631929924246368,-0.154453623930685,-0.515309066109706,-0.781847301002866,-0.404757804580427,-0.430333713226144,1.01467675127383,-0.431828104773033
"908141",0.028677648654974,-0.38593139897633,-0.403422483112548,0.381751021924282,-0.476966637195401,0.389569249639806,-0.994292520619158,-0.404907642571727,-0.504607700291483,0.913077222041408,-0.571510480650499
"1330947",0.330081817453348,1.79986183224104,-0.659530610407796,-0.40936427172974,-0.269672976639766,-0.531599603940615,-0.0714215139945013,0.392328385772507,0.377017923312053,0.175222674219895,-0.110354479581871
"908148",0.569185046566888,0.60013449028839,-0.378525960193002,1.04313132496471,0.0882895552618487,1.59553718087882,-0.799919094488704,0.761202065739259,0.56369903342424,0.477521717188775,-0.311109017751659
"1323913",1.20520683305073,-0.987867594875093,-0.53126520559757,1.96887286304937,-0.230023957475941,2.10711487425442,-1.19947854719704,1.19492519306472,-0.408170725265108,1.59912051940598,-0.754080613025332
"908448",-0.156563164731292,-0.885282118032739,0.144354487856406,-0.0236485010800196,-0.783731766654785,1.42636891081984,-1.57442424060373,-0.00341844131547038,1.15984773636168,-0.143453452356907,1.23048156623751
"908451",-0.357471352077691,-0.393544608458955,-0.354425412344569,-0.820642298757987,-0.287162627731485,-0.943387972333308,-1.25015269742571,0.0279885100387949,0.619563688229005,-0.311050788918436,0.214188153992014
"910947",0.457534400163511,1.5728344100916,0.552773290166047,0.141891029691426,-0.276075005443165,0.146705748124144,-0.757223820920954,0.641834118933558,-0.774287926918061,0.56644068763689,0.585589872053511
"1290455",-0.0225997793786569,0.77673199892165,-0.760732022311163,0.612633064942001,0.0447017143664074,-0.854491141853825,-0.121180214391547,0.632161389700136,0.110427174895539,0.714724391522753,0.241046118666609
"1330983",0.311971912213695,-0.887025429060237,-0.57172137712616,0.00429808660612359,-0.943683062751999,1.60280359399802,-0.688501770064516,-0.511386470825946,-0.568750262898429,0.701270103770362,-0.178103272694096
"1330985",-1.59468993586465,-1.05284382614789,1.89966841149392,-2.27837123087611,-0.541845958304165,-0.560609675623104,0.115516090604534,-0.527351871536728,-0.70345155570583,0.682468514962494,-0.250773261555252
"909253",0.87455634009297,-0.426370083790401,0.0222305618010502,0.792178727393923,0.211944223236681,0.356763631408824,-0.845194199804232,0.265758407670555,0.369190674747432,0.721598116437568,-0.448320025307293
"1330991",0.0477021694136047,-0.524996858983358,-0.837613481623622,0.793028948368987,-0.653075207967379,0.912986386361899,-1.25383180871633,-0.198112089228116,-0.524955158989137,0.230996559939744,-0.827783485866238
"910545",0.267453817460853,2.16660194432846,2.45468533397023,-1.09597651854353,2.6157426338434,0.443751834147389,-0.896511893199437,1.85746128397644,0.726404976490566,-0.0623357908656567,2.65355815517449
"909715",-0.0299872929892038,-0.678793188129692,-1.05371787544884,-0.176784653997785,-0.694026450808104,0.165691829094895,-0.69314485633135,-0.489292636681131,-0.725222364415288,0.630049001540321,1.81724086975632
"909771",-0.233066630622852,-0.300037585388176,0.284996156106252,-1.12387697083139,-0.468553014053056,0.436683622376901,-0.413241851889994,-0.0293526924967614,-0.0066544112260081,0.202986060313739,-0.217547741655891
"910705",-1.19954743341001,-0.714939529126683,-0.381943264553866,-1.35628445884125,0.373711814556085,-1.0741079406681,0.249481114179409,0.0259205622350245,0.739628970177457,-0.408161333603948,-0.221473938875732
"1327774",-2.02318711689444,-0.361141635382345,-0.312732785215948,-1.51266163496954,0.0633701027291367,-0.849483683850273,-0.0705489626908738,-0.130006428112371,1.93533975809802,-1.12025554608529,-0.591424016395505
"1330933",1.48690407503809,-0.577567060273034,0.286687475284624,2.52930470211602,0.531157401423457,0.135227070892261,0.291106252195308,0.00432335639989838,4.138589748645,0.38339155592887,0.588179335011783
"908132",-0.27830247521737,3.95523578887131,-0.33289360434171,1.47938974209992,0.078615851108824,-1.84864698590272,-0.0903883663147377,0.0355375480332447,2.29187292198785,-0.441940105573253,-0.153604347553346
"908136",-0.945275075078075,-0.137057778135878,-1.05409356091272,-1.4610476763212,-0.592193002161605,-1.70191684769213,0.777950711765705,-0.763365396508145,0.545921662395388,-1.10467420336499,0.578990809242258
"908143",-0.167449243385836,0.608243145921011,-0.954279185360353,-1.80165449973989,0.459884183124283,2.0147461389967,0.865879660526267,-0.225383984329458,0.917615543172896,-1.2522373582337,0.426264409198676
"908158",-0.278369357133146,-0.153777769776142,0.212232324787414,0.297902147354561,-0.205775501755024,-0.00333670307654093,0.0530662546756588,-0.45417904354388,0.924810676119293,-1.61233799478217,0.711271414317565
"1330994",0.00904067917288382,1.56254134303759,-0.458084389127662,1.25386608307701,-0.190482228821096,0.347479554936075,0.905473408988815,-0.431729977604871,1.64713225606283,-4.05648447753457,-1.14270346544907
"909696",0.256736926344007,-1.3878992970061,-0.122232375608555,1.63880880125903,-0.159759582781261,-0.317548864989623,-0.0674704207572075,-0.0728145858474225,0.961423727446509,0.793547088621893,-1.0259486361034
"1331025",-0.800208644560786,0.325271041417601,-0.197832136441615,-1.52281162352344,0.244881078144592,2.26148682546545,-0.236039525649183,-0.119133643139874,0.312367764176105,-0.715920819161566,1.21658939378985
"910209",-0.692156071886225,-1.12307057130636,-0.877593770036014,-0.932213515844179,-0.015065521730835,-0.706286279115784,0.0684674726781669,-0.0366494625637702,0.885553737049243,-0.707311476650145,-0.503746418617005
"909777",-0.618440476573186,-0.966591162114704,-1.37260653860555,-1.3031996109333,-0.237636991037234,0.345725057870383,0.14887859615225,-0.216831306013385,0.213717609981972,-0.471316125354231,-0.0889478126006575
"910710",-0.0204095630476569,-0.355118127594493,0.122974387431264,1.05541923299785,-0.144717404306247,0.0700180112116632,-0.0579459210771628,-0.350445770249604,1.50795738976248,-0.291278068498905,-0.562375563725993
"910951",1.50638072778529,1.46666917021884,-0.299936240750692,0.629696585672147,0.0998398547022429,-1.18473584363521,0.638797327790793,-0.552725524782393,-1.30926689365081,0.525450046106117,0.142103554192658
"906855",0.1053009125718,0.57148792204039,-0.564808278112541,0.854042630013192,-0.764270651588286,-0.741120140574013,-0.449512192721672,-0.396586645667694,-0.58907541400727,0.444292647561163,-0.326715021075059
"1327771",0.955819856957863,0.0407290516997781,-0.726563639781599,1.10915213856388,-0.086657034339005,-0.762505856111162,-0.564915647056024,-0.811957586101134,-1.1983167608527,0.809561351667968,0.627623641810048
"905940",-0.542003581302708,0.831660554196003,-1.37771129221349,-1.01351518686331,-0.354221723157822,-0.409061970735525,1.10508032136921,-0.540815880585012,-1.08081836082522,-0.014451776879677,0.332480560527614
"1330931",1.30055810628921,1.19359929201548,2.98410548128955,0.543264090927342,0.0551211828178606,0.180803688828133,0.0796706116890214,-0.29393940106201,-0.0720964645938547,0.382610221042271,-1.28973220000538
"907311",-0.613536519860156,-0.410144602202894,0.13961341680561,-0.496180667709032,0.235818810194397,-0.947263532469734,-0.834270639629225,-0.115018959550344,-0.685944595406991,-0.44896809091354,-0.501953882299012
"907783",0.682814611713934,1.02728153894885,-0.265232837966182,1.00859066012011,0.301889018109478,-1.34248981296531,0.742312012108867,-0.601906165501137,-0.139949045901976,-0.18911100838018,0.115340244458222
"908126",0.930885654922341,0.856899446022916,1.08008452808045,0.548247911670575,0.643687405610837,-0.715320828868546,0.279835405419901,0.287019701848797,-0.2263393290635,-0.0704630108577125,-0.877503600421348
"910544",1.17418818665915,-0.493192246344325,-0.688620410796971,-0.286149000963702,2.56909831860559,1.44084484867816,-0.966358253584682,1.87893149025057,-0.303768543767595,0.373560465546809,1.5039644900293
"906856",0.334239301139677,-0.23670915559663,-0.705433828332458,0.128887164344409,-0.468746608436791,0.162193471460611,-1.42746996519248,0.306575094484291,-0.0253994182606079,0.769369896283901,0.713972345693748
"909722",0.607534104560731,0.223921841781622,-0.554580855056723,0.376051772399188,-0.603060246662632,-1.69230818640833,-0.708790544059754,-0.445015133619441,-0.839250893995724,0.0199546504478442,-0.495656081281538
"907044",0.323046921427787,0.751050232824993,2.86473963663187,-0.997587347201477,2.69464823341337,2.033418508677,-0.847653961446535,2.0368793404662,0.0817064904364452,0.328747767656276,1.32283868544911
"908142",-1.97989278374156,0.609765953660358,-0.599812738445836,-1.87546125697431,1.18552495418381,0.258774679792028,0.943827439452989,1.38848079993694,0.643248918024687,-0.107715238036536,0.468833624015952
"908149",1.03432994510375,0.294854305544404,0.271791149694423,-1.16717528271465,3.98601846832716,0.206671629969696,1.71292396217783,3.69621332014613,-0.151656760940604,1.68486636521191,2.76699264481272
"907300",0.799201201805309,-0.260030679460092,-0.921189116155999,0.484703199681993,-0.994212348868378,1.21940131323268,-1.46691065550767,-0.26179223069306,-1.15407066973988,0.723727019998036,-0.620451269682299
"908156",0.619708021700494,-1.17082290553218,-0.77926190433015,-0.823321783551756,-0.700984797183508,0.469955216548927,-1.26156507402382,-0.227829345527755,-0.592078034151266,0.46865204926347,0.938179366044612
"1330960",2.81183292660428,2.00155184815087,1.43474212583855,0.195065649078007,1.4455004243379,0.918677282263701,4.0348953906065,2.42533635141611,-1.44201049505349,0.805641900050504,1.88988435206795
"909703",-0.950221817627178,-0.895614376861044,-0.301088906756998,-0.153994941434821,-0.457316382750447,0.129713280123329,-0.146215181989788,-1.0069240192007,1.22408287859999,-2.14008929597579,-0.985041546085208
"906800",0.630596795316737,0.168903918146934,-0.719455177744607,1.75386053397881,-0.519410747958729,-0.152942133203467,0.975033688642153,-0.552306254592409,1.10719484451762,-3.64160459016906,-0.529046077583553
"910944",-0.356773589478697,-0.43853077760017,-0.139875478523576,-0.382433596512441,-0.119069285478439,1.6739498263184,0.528272126826331,-0.108920491018619,0.0894355978286318,-0.540312843321244,-0.871734716549894
"906763",-1.11370499060586,-0.797851442900034,-0.0531180824983545,-0.275843978304122,-0.803999314678779,-0.256450973111839,-0.0916679250046629,-1.00983261213624,-0.770562472106963,0.908976896185763,-0.781836688303808
"905952",-0.459822610284478,-1.218585313276,0.0442529507646025,0.227100549083544,-0.455191169594192,1.03034250809974,0.325449424706172,-0.347093907872352,-0.506750720071907,0.0448342066041306,-0.92478394621577
"906877",-1.60611339825765,-0.473873946952848,-0.329080723519007,-1.34263269804765,-0.952968439347192,-1.23113095497665,-0.498126222588568,-0.713028233166117,-0.125585735011598,-0.338758068598719,0.470709304331248
"949153",-1.13312738766397,-0.370235469760596,0.188613729369304,0.780435365909322,0.0273259953287076,-1.83147638483847,0.0281773700513546,-0.347155512642844,0.838683212262336,-1.47469143595047,-0.196975253150568
"907272",-1.37269532263842,-1.04023686190013,-0.590033020278177,-0.775159621253975,-0.853256524083495,0.282035659286328,1.78297038683706,-0.950559850584438,-1.18289353786744,0.415293075034931,-0.691755259902519
"907277",-0.276054294921141,0.451219598719305,0.035739073569774,-0.0976760094634678,-0.427816079817587,0.491791183805554,-0.171405217549296,-0.577536934340939,-0.130199767735916,0.562713301530938,-0.996625129235011
"907787",-0.535556525694559,-0.592496322476823,-0.569779171996791,0.24968953287834,-0.509217069190096,0.254543666333601,0.269762190732201,-0.384475551222854,0.591920678118039,-2.51754421182948,-0.107332434679644
"905958",-1.4985570314408,0.668163649333894,0.363032980702324,-0.567918649248658,-0.916308421559226,0.055412768386824,0.712824665425077,-0.503401006736303,-0.735515152596294,0.224753616012025,-0.840532552154138
"909252",-0.589181201180007,-0.587259623285027,-0.805814163119806,0.826951819762866,-0.603553850926643,-0.0159848814797381,0.366419973501891,-0.202737964177941,9.83796367716537e-05,-1.30909112289807,1.29880411594056
"1247871",0.385943021905973,-0.0128811317006836,-0.230712348278087,1.94565942072589,0.21294370226924,-0.649048375061064,-0.0101565012252514,0.284909147032449,2.13978314490122,-1.47398683720648,0.114086454665021
"910687",1.02822084099644,1.53861971115532,0.847648643126632,-0.302352387707451,0.632384565985723,0.301959401199082,0.292963472732869,0.593677653947754,-0.803614016179783,0.25130001057688,0.0750605694389009
"907789",-0.0788045713748715,0.741332660093141,-0.216383274932019,0.941443647194542,-0.863560870444442,0.25871667297392,-0.156487936215874,-0.373780702190793,0.705246288592663,-1.10113265177693,-0.0169925482619915
"908146",-1.1252659527428,-1.89373155777747,0.15760834646378,-0.243121297496458,-0.727673956416666,-1.91962309060048,-0.263915590561757,-0.706055656315344,-0.120207643291039,-0.13752251199355,-0.934584334623027
"908147",-1.013323265775,-0.5967863256904,0.236352331756261,-0.320661575041719,-0.593746325824512,0.271489616431108,-0.827098095709674,-0.307230561173227,0.349838480611666,0.164302821107528,0.136121616984669
"909251",-0.663324698678619,-0.505030899517829,0.0302647963875303,0.524799310002323,-0.595769819639839,-1.02738166815434,0.232159690708163,-0.951702027307641,-0.3164414830441,0.339620359158039,-0.939887027055024
"909260",-0.90318370827861,-1.14382300656881,0.2103708682331,0.0530868139189571,-0.702601729171577,-1.65997252085665,-0.173480735829024,-0.462417615439867,-0.752775196248706,0.422736288481781,-1.02631559534057
"909702",-2.64022267565938,-1.02959119512142,-0.0653242620371193,-1.78780088762086,-0.775655237220851,-1.22623741925053,0.34612908363405,-0.848089804760399,-1.4721190239494,0.684941238303108,-1.2082730709982
"909743",-1.36657320074323,-0.493566536750087,-0.785723816809186,-0.247248653561583,-0.807802296576196,-0.281084909093088,0.656216285027242,-1.08151237241746,-1.87394330622351,0.174669636555208,-1.14733445224287
"909762",2.81183292660428,2.00155184815087,1.43474212583855,0.195065649078007,1.4455004243379,0.918677282263701,4.0348953906065,2.42533635141611,-1.44201049505349,0.805641900050504,1.88988435206795
"1295740",-0.168700142349932,-1.44806987047788,0.134359132136905,0.493526645695546,-0.431941444585893,-0.0452355093301421,1.70635293017845,-0.57132399649877,-0.395027254908505,0.804629364879576,-1.09658286016045
"1297446",0.302812060151038,-1.08141042279169,0.54435674995059,0.961141610717775,-0.175704743370629,-0.172568892534938,-0.362299974771268,-0.690949295022205,-0.537480837240543,-0.00742356663531467,-1.19491157757003
"907056",0.0101423237282389,0.355574977332037,1.35797957200623,-1.45895159052105,1.01043725595575,-0.64173237464285,-0.867540556131844,1.35862563491876,-0.293352461716604,1.13164785129962,0.0358740386818655
"998184",-0.710218870917234,1.25938628225765,-0.311033246214512,-0.306068186445132,-0.867230792326646,0.247564346206899,1.46140461111191,-1.00002048545952,0.183813773157134,0.0952639811275518,-1.02887945470675
