"","EGFR","Hypoxia","JAK.STAT","MAPK","NFkB","PI3K","TGFb","TNFa","Trail","VEGF","p53"
"EGFR",0.537034854497355,1,1,0.996559523809524,0.199311904761905,1,0.537034854497355,0.232530555555556,0.996559523809524,0.487206878306878,0.537034854497355
"MTORC1",0.979950198412698,1,0.979950198412698,0.564717063492064,1,0.979950198412698,1,1,0.979950198412698,0.199311904761905,1
"PDGFR",0.116265277777778,0.531498412698413,0.625617923280423,0.116265277777778,1,1,0.249139880952381,0.249139880952381,1,0.977577437641723,1
"KIT",0,1,1,1,1,0.775101851851852,1,0.315577182539683,1,1,1
"VEGFR",0,1,0.0930122222222222,0.0913512896825397,0.0332186507936508,0.942579216269841,0.0664373015873016,0.942579216269841,1,0.942579216269841,1
"FLT3",0.146162063492064,1,1,0.0885830687830688,0,0.232530555555556,0.635899886621315,0.0885830687830688,0.116265277777778,1,1
"RET",0.912002958152958,0.912002958152958,0.912002958152958,0.912002958152958,0.912002958152958,0.912002958152958,0.912002958152958,0.912002958152958,0.912002958152958,0.912002958152958,0.912002958152958
"CSF1R",0.0442915343915344,1,0.493534240362812,0,0,0.0664373015873016,0.193775462962963,0.106299682539683,0.647763690476191,1,0.896903571428571
"MET",1,1,1,0.92181755952381,1,1,0,0,1,0.15502037037037,1
"Proteasome",1,1,0.221457671957672,1,0.0664373015873016,1,1,0.199311904761905,1,1,1
"Microtubule stabiliser",1,1,1,1,0.548107738095238,1,1,0.548107738095238,1,0.808320502645503,1
"SMO",1,1,1,1,0.0332186507936508,1,1,0.132874603174603,1,1,1
"BRAF",0.892158049886621,0.539803075396825,1,0.182702579365079,1,0.892158049886621,1,0,0.611223174603175,0.354332275132275,1
"AURKA",0,0.208802947845805,0.0166093253968254,0,0.00664373015873016,0.660682054673721,0,0,1,0.660682054673721,0.903547301587302
"AURKB",0,0.0885830687830688,0.0863684920634921,0.0110728835978836,0.0166093253968254,0.61454503968254,0.247294400352734,0,1,0.247294400352734,0.247294400352734
"AURKC",0.406928472222222,0.406928472222222,0.0996559523809524,0.0110728835978836,0,1,0.406928472222222,0,1,0.406928472222222,0.808320502645503
"ABL",0.512516326530612,1,1,0.298967857142857,0.0664373015873016,0.254676322751323,0.512516326530612,0,0.512516326530612,1,1
"ALK",1,0.588444671201814,0.588444671201814,0.588444671201814,1,0.588444671201814,0.588444671201814,0.0332186507936508,1,0.588444671201814,1
"SRC",0.0664373015873016,0.0996559523809524,1,0.0996559523809524,0.0996559523809524,0.647763690476191,0.0996559523809524,0.0664373015873016,1,0.128129081632653,1
"CDK1",0.880294246031746,0.210384788359788,1,0,0.974413756613757,0.888598908730159,0.210384788359788,1,0.591291984126984,0.888598908730159,0.240835218253968
"CDK2",0,0.70866455026455,0.0747419642857143,0.139518333333333,0,0.668525347222222,0.143947486772487,0,0.873650515873016,0.194566383219955,1
"CDK5",0,0.261596875,0.915358377425044,0.199311904761905,0.166093253968254,1,0.166093253968254,0.166093253968254,0.166093253968254,0.0498279761904762,1
"CDK7",0.684304206349206,1,0.793556657848325,0.0166093253968254,0.332186507936508,0.793556657848325,0.0775101851851852,0,0.793556657848325,0.793556657848325,1
"CDK9",1,0.808320502645503,1,0.808320502645503,1,0.808320502645503,0.808320502645503,0.808320502645503,1,0.808320502645503,1
"PKC",0.332186507936508,1,1,0.741883201058201,1,0.741883201058201,0.642227248677249,0.514889087301587,1,0.741883201058201,1
"CDK4",0.365405158730159,1,1,0.365405158730159,1,1,0.0664373015873016,1,1,1,1
"LCK",0.711828231292517,0.43184246031746,1,0.575789947089947,0.0332186507936508,0.199311904761905,0.055364417989418,0,1,1,1
"BMX",0.586862830687831,0.0913512896825397,0.721319274376417,0,0,1,1,0.91166741622575,0.0664373015873016,0.0996559523809524,0.91166741622575
"PLK1",0.166093253968254,0.837848192239859,0.503816203703704,0.503816203703704,0.340491170634921,1,0.27682208994709,0.199311904761905,1,0.73911498015873,0.73911498015873
"PLK3",0.143947486772487,1,0.514889087301587,0.365405158730159,0.083046626984127,1,1,0,0.491636031746032,1,1
"IGF1R",1,1,0.847075595238095,0.847075595238095,0.847075595238095,0.365405158730159,0.847075595238095,1,0.847075595238095,1,0.887412528344671
"IR",1,1,1,1,1,1,1,1,1,1,1
"MTOR",0.664373015873016,0.664373015873016,1,1,0.664373015873016,1,0.664373015873016,0.885830687830688,0.664373015873016,1,1
"AKT1",0.0664373015873016,1,0.348795833333333,0.348795833333333,0.348795833333333,1,0.351168594104308,0,1,0.348795833333333,0.527346081349206
"AKT2",0.0110728835978836,0.370941600529101,1,0.721319274376417,1,1,0.0415233134920635,0,1,0,0.192668174603175
"AKT3",0.953849829931973,1,0.365405158730159,0.639459027777778,0.132874603174603,0.953849829931973,0.639459027777778,1,1,1,0.953849829931973
"HDAC1",0.672677678571429,0.12180171957672,0.116265277777778,1,0.672677678571429,1,0.116265277777778,1,0.672677678571429,0.672677678571429,0.672677678571429
"IKK",0.0332186507936508,1,0.376478042328042,0.365405158730159,0.642227248677249,1,1,0.39862380952381,1,0.642227248677249,0.735555839002268
"PI3Kbeta",0.907976455026455,0.907976455026455,0.907976455026455,0.808320502645503,1,0.907976455026455,0.907976455026455,0,1,0.0332186507936508,0.907976455026455
"ERK5",0.418555,0.689287003968254,0.84375373015873,0.382014484126984,0.418555,0.418555,0.689287003968254,0,1,0.689287003968254,0.84375373015873
"ERBB2",0,1,1,0,1,1,1,1,1,1,1
"ROCK1",0.757385238095238,1,0.697591666666667,0.697591666666667,0.0664373015873016,0.797247619047619,0.697591666666667,1,0.863684920634921,0.874757804232804,0.867837251984127
"ROCK2",1,0.750741507936508,1,1,0,1,1,0,0.750741507936508,0.509352645502645,1
"DNA crosslinker",0,1,0.182702579365079,0,1,1,1,0.704235396825397,1,1,0.0332186507936508
"Microtubule destabiliser",0.182702579365079,1,1,0.290663194444444,0.445129920634921,1,1,0.182702579365079,1,0.232530555555556,1
"AR",1,1,1,1,0.232530555555556,1,1,0.232530555555556,1,0.287894973544974,1
"ATM",1,1,1,1,0.149483928571429,1,0.509352645502645,1,1,1,0.0996559523809524
"FLT1",1,1,1,1,0.581326388888889,1,1,1,0.581326388888889,1,1
"GSK3A",1,1,1,1,0.298967857142857,1,0.907976455026455,0.0996559523809524,1,1,1
"GSK3B",0.199311904761905,0.298967857142857,0.159449523809524,0.0332186507936508,0.159449523809524,0.651916021825397,0,0.0166093253968254,0.752956084656085,1,1
"PDGFRA",0.721319274376417,1,1,1,0,0.0664373015873016,0.721319274376417,0.177166137566138,0.323881845238095,0.721319274376417,1
"VEGFR2",0,0.974413756613757,0.974413756613757,0.974413756613757,0.0332186507936508,1,0.143947486772487,0.758492526455027,1,0.564717063492064,0.758492526455027
"FGFR1",0.631154365079365,1,1,0.631154365079365,0.764028968253968,1,0.631154365079365,0.631154365079365,0.684304206349206,0.719737433862434,1
"TIE2",1,0.847075595238095,1,0.930122222222222,0.847075595238095,1,1,0.847075595238095,1,1,0.847075595238095
"JNK2",1,1,1,1,0.348795833333333,1,1,0.132874603174603,1,1,1
"BRD2",1,1,0.390319146825397,1,0.265749206349206,1,0.365405158730159,0,1,1,1
"BRD3",0.620081481481481,0.730810317460317,1,1,1,1,0.620081481481481,1,1,0.0664373015873016,1
"BRD4",0.157788591269841,0.343259391534392,0.847075595238095,0.325542777777778,0.0996559523809524,0.826775308641975,0.685134672619048,0,0.669118537414966,0.157788591269841,0.848585533910534
"BRDT",0.868430442176871,0.868430442176871,0.0332186507936508,0.0332186507936508,0.0332186507936508,1,1,0.868430442176871,1,1,0.868430442176871
"FNTA",0.249139880952381,0.661353138528139,0.30727251984127,0.249139880952381,0.30727251984127,0.661353138528139,0.461370149911817,0.461370149911817,0.348795833333333,0.461370149911817,0.345473968253968
"PDK1 (PDPK1)",0.777316428571429,0.43184246031746,0.82572074829932,1,0,0.82572074829932,0.988254861111111,0,1,0.43184246031746,1
"BCL2",0.813856944444445,0.730810317460317,1,0.979950198412698,1,1,1,1,1,0.907976455026455,1
"BCL-XL",1,1,1,1,1,1,1,1,1,1,1
"BCL-W",0.96636075036075,0.055364417989418,0.0730810317460318,0,0.0332186507936508,0.96636075036075,0.96636075036075,0.0730810317460318,0.787756575963719,0.686518783068783,0.96636075036075
"MCL1",0.157788591269841,0.574208106575964,0.768181299603175,1,0.157788591269841,1,0.157788591269841,0.157788591269841,0.192668174603175,0.574208106575964,1
"dsDNA break",0,0.920156626984127,0.207616567460317,0,0.245818015873016,0.800938580246914,0.800938580246914,0.603472156084656,1,0.664373015873016,0.055364417989418
"BTK",0.298967857142857,0.338830238095238,0.298967857142857,1,1,0.85893939909297,0.514889087301587,0.249139880952381,1,0.0332186507936508,1
"HSP90",1,1,0.0996559523809524,1,0.0332186507936508,1,1,1,1,0.465061111111111,1
"PDGFRB",0.448451785714286,0.448451785714286,0.448451785714286,1,0.182702579365079,1,1,0,1,0.448451785714286,1
"IKK2",0.592399272486772,1,0.592399272486772,0.188239021164021,0,0.930122222222222,0.592399272486772,0.188239021164021,0.707082709750567,1,0.863684920634921
"Amyloid beta20",0.232530555555556,1,1,0.949104308390023,0.923478492063492,1,0.232530555555556,1,0.949104308390023,0.896903571428571,0.697591666666667
"Amyloid beta40",0.0664373015873016,0.786174735449735,0.382014484126984,0.0885830687830688,0.768181299603175,1,0.083046626984127,1,0.768181299603175,0.524854682539683,0.768181299603175
"JAK2",0.575789947089947,1,1,0.365405158730159,1,1,1,0.0664373015873016,0.747419642857143,1,1
"JNK1",0.274053869047619,0.285680396825397,1,0.199311904761905,0,0.805552281746032,1,0.370941600529101,0.274053869047619,1,0.805552281746032
"CDK6",0.132874603174603,0.292324126984127,1,0.132874603174603,0.132874603174603,1,0.784790625,0,0.564717063492063,0.784790625,0.87106684303351
"PI3K (class 1)",0.930122222222222,1,1,1,1,1,1,0,1,0.0498279761904762,1
"PI3Kgamma",0.332186507936508,0.816229705215419,1,0.451773650793651,1,1,0.382014484126984,0,0.332186507936508,0.816229705215419,1
"RSK",0,0.971645535714286,1,0.188239021164021,1,1,0.249139880952381,0.415233134920635,0.911140136054422,0.188239021164021,0.285680396825397
"G9a and GLP",0.43184246031746,0.750741507936508,0.84470283446712,1,1,0.892751240079365,0.586862830687831,0,0.750741507936508,1,0.84470283446712
"FLT4",0.287894973544974,0.974413756613757,1,0.232530555555556,0.974413756613757,1,0.166093253968254,0.657729285714286,0.657729285714286,0.880294246031746,0.974413756613757
"NTRK2",0.321113624338624,0.418555,0.680982341269841,0.321113624338624,1,1,0.818009275793651,0,0.418555,1,0.818009275793651
"LTK",0.0110728835978836,0,0.171629695767196,0.0166093253968254,0.0730810317460318,0.917665228174603,0,1,1,0.232530555555556,1
"TAK1",0,0.697591666666667,0.518210952380952,0.315577182539683,0.0775101851851852,1,0.0775101851851852,1,1,0.697591666666667,1
"ERK2",0.265749206349206,1,0.968877314814815,1,1,0.968877314814815,0.448451785714286,1,0.265749206349206,0.265749206349206,1
"HDAC6",0.199311904761905,0.199311904761905,1,0.199311904761905,0.199311904761905,1,0.199311904761905,1,0.778265532879819,0.778265532879819,1
"VEGFR1",0.61454503968254,0.996559523809524,1,0.996559523809524,1,0.996559523809524,0.61454503968254,1,1,1,1
"VEGFR3",0.0166093253968254,1,0.43184246031746,0.166093253968254,0.479297675736961,0.43184246031746,1,0,1,0.479297675736961,1
"MTORC2",1,1,1,1,1,1,1,1,1,1,1
"PIM3",0.664373015873016,0.664373015873016,1,1,1,1,1,0.249139880952381,1,0.0332186507936508,1
"ALK5",1,1,0.656068353174603,1,0,1,0.620081481481481,0,1,1,1
"TNKS1",0.348795833333333,1,0.458417380952381,0.959649911816579,0.348795833333333,0.484043197278912,1,0.458417380952381,0.484043197278912,0.458417380952381,0.489975099206349
"TNKS2",0.298967857142857,1,0.387550925925926,0.905208234126984,1,1,1,0.387550925925926,1,1,1
"TOP1",0,1,0.83995731292517,0,1,1,0.83995731292517,1,0.83995731292517,0.83995731292517,0.83995731292517
"Antimetabolite",0.0332186507936508,1,1,0,0.539803075396825,1,0.265749206349206,0.896903571428572,1,1,1
"MEK1",0.0332186507936508,1,1,0.722505654761905,0.055364417989418,0.310040740740741,0.0332186507936508,0.146162063492064,0.146162063492064,0.612172278911565,1
"MEK2",0,1,0.92181755952381,1,0.0664373015873016,0.437378902116402,0,0.141179265873016,0.179380714285714,0.621663321995465,1
"PARP1",1,1,1,0.916834761904762,1,0.916834761904762,1,1,0.916834761904762,0.916834761904762,0.916834761904762
"PARP2",0.0498279761904762,0.40811485260771,0.498279761904762,0.0498279761904762,0.40811485260771,1,0.40811485260771,0.574682658730159,0.40811485260771,0.574682658730159,0.199311904761905
"CHEK1",0.764028968253968,0.764028968253968,0.166093253968254,0.808320502645503,1,1,1,1,0.764028968253968,0.764028968253968,1
"NTRK1",0,0.322695464852608,0.282358531746032,0.282358531746032,1,1,0.282358531746032,0.282358531746032,1,0.282358531746032,0.560564732142857
"p38",1,0.650136451247166,0.166093253968254,0.752956084656085,0,0.650136451247166,0.622849702380952,0.116265277777778,0.650136451247166,1,0.752956084656085
"MDM2",1,1,0.996559523809524,1,1,1,0.822161607142857,1,0.813856944444445,0.822161607142857,0.813856944444445
