"","EGFR","Hypoxia","JAK.STAT","MAPK","NFkB","PI3K","TGFb","TNFa","Trail","VEGF","p53"
"EGFR",0.076,0.494,0.378,0.24,0.006,0.563,0.097,0.014,0.232,0.044,0.083
"MTORC1",0.177,0.487,0.13,0.034,0.511,0.165,0.254,0.367,0.155,0.006,0.258
"PDGFR",0.007,0.08,0.113,0.007,0.269,0.52,0.024,0.03,0.311,0.206,0.45
"KIT",0,0.466,0.181,0.164,0.492,0.07,0.384,0.019,0.188,0.286,0.364
"VEGFR",0,0.367,0.014,0.011,0.002,0.223,0.006,0.205,0.357,0.227,0.33
"FLT3",0.022,0.349,0.392,0.008,0,0.042,0.134,0.006,0.014,0.501,0.346
"RET",0.084,0.193,0.299,0.302,0.248,0.154,0.124,0.275,0.041,0.089,0.196
"CSF1R",0.004,0.47,0.104,0,0,0.008,0.035,0.016,0.156,0.407,0.243
"MET",0.172,0.184,0.421,0.111,0.311,0.261,0,0,0.225,0.014,0.309
"Proteasome",0.197,0.289,0.02,0.471,0.002,0.355,0.332,0.012,0.392,0.359,0.124
"Microtubule stabiliser",0.154,0.282,0.207,0.29,0.022,0.457,0.469,0.033,0.16,0.073,0.346
"SMO",0.167,0.386,0.222,0.339,0.001,0.244,0.127,0.008,0.251,0.131,0.444
"BRAF",0.182,0.065,0.513,0.011,0.305,0.188,0.46,0,0.092,0.032,0.384
"AURKA",0,0.044,0.003,0,0.001,0.179,0,0,0.407,0.168,0.272
"AURKB",0,0.016,0.013,0.001,0.002,0.185,0.067,0,0.521,0.057,0.063
"AURKC",0.067,0.076,0.012,0.001,0,0.364,0.098,0,0.302,0.094,0.219
"ABL",0.108,0.252,0.381,0.036,0.004,0.023,0.101,0,0.078,0.413,0.308
"ALK",0.355,0.123,0.124,0.101,0.385,0.111,0.058,0.001,0.526,0.116,0.353
"SRC",0.004,0.018,0.355,0.015,0.016,0.156,0.01,0.003,0.437,0.027,0.537
"CDK1",0.159,0.014,0.444,0,0.264,0.214,0.019,0.315,0.089,0.196,0.029
"CDK2",0,0.192,0.009,0.021,0,0.161,0.026,0,0.263,0.041,0.337
"CDK5",0,0.063,0.248,0.042,0.026,0.481,0.028,0.02,0.03,0.003,0.337
"CDK7",0.103,0.466,0.152,0.001,0.04,0.192,0.007,0,0.169,0.215,0.47
"CDK9",0.435,0.127,0.359,0.03,0.321,0.095,0.146,0.096,0.362,0.143,0.334
"PKC",0.01,0.29,0.384,0.12,0.343,0.132,0.058,0.031,0.223,0.134,0.435
"CDK4",0.022,0.162,0.367,0.033,0.401,0.549,0.002,0.162,0.533,0.551,0.481
"LCK",0.15,0.065,0.422,0.104,0.002,0.024,0.005,0,0.439,0.415,0.526
"BMX",0.106,0.011,0.152,0,0,0.459,0.381,0.247,0.006,0.015,0.242
"PLK1",0.005,0.227,0.091,0.087,0.041,0.387,0.025,0.012,0.438,0.159,0.178
"PLK3",0.013,0.261,0.093,0.044,0.005,0.342,0.311,0,0.074,0.271,0.436
"IGF1R",0.267,0.378,0.149,0.11,0.153,0.011,0.119,0.349,0.08,0.383,0.187
"IR",0.14,0.093,0.229,0.381,0.035,0.47,0.289,0.296,0.456,0.478,0.396
"MTOR",0.069,0.084,0.548,0.4,0.045,0.332,0.087,0.16,0.1,0.36,0.329
"AKT1",0.004,0.274,0.062,0.058,0.063,0.396,0.074,0,0.395,0.039,0.127
"AKT2",0.001,0.067,0.564,0.152,0.387,0.548,0.005,0,0.294,0,0.029
"AKT3",0.199,0.333,0.022,0.077,0.004,0.196,0.073,0.411,0.383,0.374,0.201
"HDAC1",0.131,0.011,0.007,0.45,0.145,0.506,0.006,0.469,0.162,0.149,0.138
"IKK",0.001,0.344,0.034,0.022,0.116,0.272,0.491,0.048,0.455,0.099,0.155
"PI3Kbeta",0.161,0.199,0.111,0.073,0.309,0.2,0.245,0,0.424,0.002,0.246
"ERK5",0.056,0.128,0.24,0.023,0.051,0.063,0.146,0,0.375,0.166,0.254
"ERBB2",0,0.22,0.211,0,0.282,0.15,0.531,0.325,0.275,0.446,0.512
"ROCK1",0.114,0.396,0.045,0.084,0.002,0.144,0.064,0.313,0.182,0.237,0.209
"ROCK2",0.474,0.091,0.219,0.312,0,0.344,0.244,0,0.113,0.046,0.327
"DNA crosslinker",0,0.39,0.022,0,0.488,0.323,0.248,0.106,0.33,0.511,0.003
"Microtubule destabiliser",0.011,0.48,0.357,0.035,0.067,0.22,0.262,0.006,0.28,0.021,0.437
"AR",0.47,0.257,0.379,0.313,0.009,0.291,0.216,0.014,0.333,0.026,0.157
"ATM",0.429,0.485,0.225,0.156,0.009,0.54,0.046,0.341,0.431,0.13,0.003
"FLT1",0.369,0.321,0.218,0.362,0.035,0.19,0.171,0.472,0.022,0.412,0.145
"GSK3A",0.277,0.317,0.14,0.153,0.018,0.449,0.082,0.003,0.397,0.226,0.254
"GSK3B",0.036,0.063,0.021,0.003,0.024,0.157,0,0.001,0.204,0.416,0.448
"PDGFRA",0.132,0.37,0.327,0.253,0,0.004,0.14,0.016,0.039,0.152,0.511
"VEGFR2",0,0.21,0.264,0.237,0.002,0.442,0.013,0.127,0.357,0.068,0.137
"FGFR1",0.048,0.606,0.329,0.023,0.161,0.317,0.076,0.065,0.103,0.13,0.333
"TIE2",0.322,0.089,0.352,0.14,0.102,0.463,0.257,0.093,0.441,0.187,0.098
"JNK2",0.224,0.364,0.384,0.406,0.021,0.187,0.136,0.004,0.432,0.522,0.454
"BRD2",0.38,0.342,0.047,0.429,0.016,0.267,0.033,0,0.527,0.488,0.156
"BRD3",0.056,0.088,0.182,0.162,0.336,0.284,0.047,0.314,0.496,0.002,0.318
"BRD4",0.019,0.062,0.255,0.049,0.006,0.224,0.165,0,0.141,0.015,0.281
"BRDT",0.118,0.145,0.002,0.001,0.003,0.37,0.274,0.183,0.512,0.527,0.167
"FNTA",0.013,0.217,0.037,0.015,0.03,0.219,0.122,0.125,0.063,0.113,0.052
"PDK1 (PDPK1)",0.117,0.043,0.154,0.649,0,0.174,0.238,0,0.598,0.052,0.587
"BCL2",0.049,0.022,0.286,0.118,0.529,0.223,0.421,0.374,0.248,0.082,0.339
"BCL-XL",0.156,0.075,0.124,0.142,0.412,0.5,0.451,0.266,0.363,0.396,0.399
"BCL-W",0.279,0.005,0.011,0,0.002,0.32,0.274,0.009,0.166,0.124,0.313
"MCL1",0.005,0.121,0.185,0.415,0.01,0.271,0.019,0.019,0.029,0.12,0.469
"dsDNA break",0,0.277,0.025,0,0.037,0.217,0.199,0.109,0.579,0.14,0.005
"BTK",0.036,0.051,0.029,0.486,0.443,0.181,0.093,0.015,0.286,0.001,0.467
"HSP90",0.366,0.576,0.006,0.306,0.001,0.237,0.163,0.22,0.412,0.042,0.311
"PDGFRB",0.067,0.079,0.081,0.441,0.011,0.352,0.299,0,0.316,0.043,0.443
"IKK2",0.107,0.324,0.102,0.013,0,0.252,0.076,0.017,0.149,0.479,0.208
"Amyloid beta20",0.008,0.462,0.31,0.175,0.139,0.476,0.014,0.254,0.2,0.108,0.063
"Amyloid beta40",0.002,0.213,0.046,0.008,0.183,0.459,0.005,0.545,0.185,0.079,0.145
"JAK2",0.052,0.44,0.314,0.022,0.268,0.355,0.315,0.002,0.09,0.401,0.269
"JNK1",0.029,0.043,0.414,0.012,0,0.191,0.392,0.067,0.033,0.378,0.194
"CDK6",0.016,0.044,0.441,0.014,0.014,0.398,0.183,0,0.102,0.189,0.236
"PI3K (class 1)",0.084,0.169,0.198,0.512,0.321,0.215,0.423,0,0.185,0.003,0.248
"PI3Kgamma",0.03,0.17,0.249,0.068,0.36,0.277,0.046,0,0.029,0.172,0.443
"RSK",0,0.234,0.286,0.017,0.317,0.526,0.03,0.075,0.192,0.015,0.043
"G9a and GLP",0.026,0.108,0.159,0.448,0.276,0.215,0.053,0,0.113,0.47,0.178
"FLT4",0.026,0.246,0.535,0.014,0.23,0.395,0.005,0.099,0.099,0.159,0.264
"NTRK2",0.029,0.063,0.123,0.023,0.283,0.448,0.197,0,0.057,0.376,0.179
"LTK",0.001,0,0.031,0.002,0.011,0.221,0,0.38,0.406,0.049,0.297
"TAK1",0,0.147,0.078,0.038,0.006,0.291,0.007,0.546,0.307,0.143,0.274
"ERK2",0.016,0.401,0.175,0.269,0.322,0.153,0.054,0.406,0.024,0.019,0.463
"HDAC6",0.015,0.017,0.277,0.027,0.03,0.314,0.021,0.346,0.15,0.164,0.342
"VEGFR1",0.037,0.133,0.243,0.15,0.262,0.091,0.02,0.337,0.201,0.389,0.423
"VEGFR3",0.001,0.304,0.065,0.015,0.101,0.055,0.258,0,0.339,0.099,0.313
"MTORC2",0.123,0.182,0.101,0.234,0.275,0.31,0.155,0.49,0.277,0.131,0.403
"PIM3",0.08,0.061,0.502,0.34,0.199,0.401,0.42,0.015,0.484,0.001,0.406
"ALK5",0.23,0.488,0.079,0.18,0,0.508,0.056,0,0.312,0.3,0.371
"TNKS1",0.021,0.369,0.067,0.26,0.012,0.102,0.492,0.069,0.093,0.066,0.118
"TNKS2",0.009,0.196,0.035,0.109,0.451,0.299,0.339,0.027,0.335,0.171,0.481
"TOP1",0,0.391,0.177,0,0.333,0.314,0.08,0.425,0.159,0.131,0.132
"Antimetabolite",0.002,0.512,0.361,0,0.065,0.198,0.024,0.135,0.33,0.531,0.403
"MEK1",0.002,0.42,0.395,0.174,0.005,0.056,0.002,0.022,0.018,0.129,0.402
"MEK2",0,0.31,0.222,0.475,0.006,0.079,0,0.017,0.027,0.131,0.301
"PARP1",0.393,0.205,0.405,0.119,0.375,0.114,0.221,0.342,0.116,0.138,0.092
"PARP2",0.003,0.067,0.12,0.002,0.086,0.337,0.071,0.173,0.08,0.168,0.018
"CHEK1",0.088,0.105,0.005,0.146,0.336,0.465,0.249,0.328,0.115,0.093,0.249
"NTRK1",0,0.068,0.051,0.034,0.377,0.395,0.018,0.032,0.345,0.051,0.135
"p38",0.395,0.137,0.015,0.203,0,0.124,0.075,0.007,0.127,0.412,0.204
"MDM2",0.338,0.326,0.15,0.563,0.347,0.45,0.084,0.385,0.049,0.099,0.042
