"","EGFR","Hypoxia","JAK.STAT","MAPK","NFkB","PI3K","TGFb","TNFa","Trail","VEGF","p53"
"907273",0.258075806757944,1.70853472949805,0.100133149339439,0.920746412640307,-0.30749012686091,1.46743447597218,-0.110369998983853,-0.331167097546549,-0.304818781425133,1.68078491026307,-1.00133146846399
"909742",-0.460623773630951,0.106178778699835,-0.397651022949205,1.24948341774323,-0.267063478460466,-0.2686141977347,0.247210459890316,-0.148017474154259,-0.684263629270713,2.23020500069542,-0.443230606230954
"1331040",1.314574319094,1.2107768717215,0.595125158440053,0.129924289595624,-0.226903513416006,-0.285343720511452,1.44749971306377,-0.114500237812061,-0.244733931111577,1.84372867677118,2.38618170338865
"910935",0.875255209295792,0.899742768470635,-1.09753037206537,-0.186673402392694,-1.64674571917261,0.443034924516617,-0.292625915130072,-1.40494970603724,-1.74179938693932,0.0684639975751467,-0.254544267842916
"910934",0.575168347933472,-0.259449007805305,-0.0661726911536703,-0.378413862800202,-1.22045647435892,-2.04071631115773,0.260948336707898,-1.09447093056679,-0.685693692069821,0.0163574337623923,-0.681603396261958
"910919",-0.969395506904852,0.277712383992352,-0.371825038578406,-0.713015868293188,-0.612716439045346,-0.294722470027924,-1.37595770486449,-0.57431113879667,-2.52402027926823,0.553351571376744,-0.127905311954076
"910918",2.19293945328748,1.77115737117049,0.627755715428946,0.986623348615429,0.551721938442081,0.51593058457477,3.2828851424765,1.54967937085358,-1.17463771438965,1.1957344913779,1.18087548452139
"906807",-0.679890945604234,-0.870159085662764,1.23846872076633,-1.01493844724182,-0.486632778208286,1.08381117891612,-1.22828367424393,-1.50838557308623,-1.36238184511452,0.730275476086156,0.114847040899854
"949088",-0.415471210836371,0.451559985995037,-1.11581246460751,0.0263790182515549,-0.373587857130274,0.725593757221896,0.114275955846315,-0.512792200901375,-0.37084552654222,-0.493624114269586,-0.147625580196953
"906832",-0.972088632487335,-0.893267607980825,-1.44163831189893,-0.632257543342514,-0.744671468350043,0.709156272213219,-0.81015648317934,-1.29678157980569,-0.376949320287007,-0.410922014234181,-1.10235118459427
"906842",-1.12578299223753,-1.02184135898626,1.56411123876409,-0.977593055182147,0.391068066516147,-1.4690030394732,-0.706129707490852,0.107124932323739,0.684761714311245,0.0459435113538208,0.280818632097153
"1297449",0.422159027742124,0.242615211531447,-0.821233285408064,0.654708440877519,0.82148297659927,1.56730170512596,0.0140922111951169,0.681926263062542,0.254471649554007,0.31523663011837,0.0754258693271707
"1303897",-0.0712989562301775,-1.4041547290443,-0.475932577408228,-0.412176567202629,0.729367137488661,1.68042635833543,0.670516399519364,0.494551043406087,0.821681337630906,-0.511444372319081,-0.678233228341196
"907063",2.19293945328748,1.77115737117049,0.627755715428946,0.986623348615429,0.551721938442081,0.51593058457477,3.2828851424765,1.54967937085358,-1.17463771438965,1.1957344913779,1.18087548452139
"1327765",-1.03319599412469,-0.925628650165698,0.640493832010079,-0.951099723905003,-0.947072367843101,-0.494930418533036,-0.121451968517931,-0.88577114187356,1.06574639362941,-0.651858832523523,-0.730429514596351
"1327768",-1.0081610076446,-0.723844173901581,-1.18045712203429,-0.265269772464858,-1.42106905933004,0.654447982768291,-0.15821073691303,-1.49931779091869,0.697542289600338,-2.26646612891591,-1.07827626726402
"1327769",0.0618118755664957,0.592324166346108,-0.317281518389989,0.129351853004813,-0.651601609370487,0.605993316973711,-0.589768827282228,-1.38118449587468,-1.7427052705252,0.376713937807453,-0.197036544430002
"1327773",-0.114394618952294,-0.885049625837714,0.358880362196455,-0.625628551067132,0.795481694944539,0.73280610968682,0.179616078577083,0.840949766983072,0.788698307143539,0.104650243280535,0.496001597343525
"907274",-0.0810451081071306,-0.899544096653002,0.398988294919411,0.692595061204147,-0.774916857245555,-0.271812552477919,-1.42212294719568,-1.93119537225646,-0.0850671665807705,0.00238377535718606,-0.424716146824415
"907799",-1.39126951822586,-0.320776025358917,-1.03979537995842,-0.431491243272983,-0.201320922956604,-1.38918846900262,0.288668497105613,0.12312854972729,0.922780557560706,-1.11033744353602,-0.582875200400368
"1330982",-0.222238770532332,0.870930004595215,-0.0322301352440201,0.256875250542798,-0.834398997510875,0.594809026940891,-0.362283147998115,-0.438908115064093,1.78268871855991,-1.55754947325304,-0.981193887972321
"1330984",0.201429347380608,0.222525250670553,-0.384969027927616,2.1210872756077,-0.90735780642055,-0.0295083233336358,-0.221625766620519,-1.31020608728912,-0.463022293482893,-2.04476561865951,-1.04357556533892
"1330995",0.695080833556449,-1.1083637796901,0.405736493692272,-0.106814257762111,1.08119941338932,-0.572489979623846,0.154939002558935,1.06602269821882,-0.309684226050882,-0.762543838168428,0.41178133600681
"910861",-1.53349092371696,-1.45010613846195,-0.504749592548157,-1.27192223588573,-0.321730748388205,-1.55216034729461,-0.444472348004107,0.142211682102591,0.940732278724269,0.230530348890218,0.158737233356988
"910930",1.54279945769203,2.99494942336079,-0.245638739794444,2.10640831463271,0.434909526551601,-0.188253721230772,1.67838000815294,0.352637115725235,-0.26859621820267,1.18502718472199,-0.609291272390038
"1331032",0.868902417904635,-0.230042577911992,1.35798057847078,-0.201697146277122,2.36946681517339,0.351848060914942,-0.585052555874043,2.20037136113145,-0.040565964280497,1.47789361091393,2.41568438038295
"1331033",-0.171959291491072,-0.623304156258251,-0.795907158547243,0.0791964807903302,-0.892531145485201,2.10364741672596,-0.563989771692034,-0.938375172891312,0.966430261730294,-0.18516712087601,-1.42139596372751
"1331034",0.148316880581919,-0.140840488351865,-1.17416350603902,0.485132278624875,0.612539524513899,-0.0213304748963698,-0.656157867109549,-0.0178204067925659,-0.132658641197106,0.410886077018912,-0.650626491214174
"1331035",-0.43911688778063,-0.777874362992579,-1.25838401398898,-0.617352452848488,-0.941974419159595,0.528681750309613,-0.230833780796036,-1.13683701383035,0.56260577218383,-0.490974916984802,-1.05308235379792
"1331036",0.302928733331616,0.246546913314257,-0.782300644032328,1.04257694073493,-0.950998049642404,1.06564136345699,-0.227928827420822,-0.967083202697993,0.46585795919144,-0.945940301956675,-0.436816724581141
"1331037",-0.512542468737907,-1.04085157797554,-1.127603461216,-0.564852634147773,-0.554977439556833,0.758145534810623,-0.0685773530551967,-1.00716301255146,1.04707565108704,-0.848309019441591,-0.939786157148318
"1331038",-0.258599728980958,-0.893055749867654,-0.498543370044591,1.21236357653568,-0.677779228100921,-0.697825553601995,-0.419211395377752,-0.809898980796233,1.65600391864113,-1.21520591589484,-0.617349797723381
"1331045",-0.977986113046365,-0.46310718149747,-0.856133018565592,-0.159851461283911,-0.979746667527344,0.473980246715126,-0.210649418095828,-1.39854617541387,-0.70149668130128,-0.846811127050425,-1.68776455499275
"909773",-0.873225212477814,0.614314896413212,-0.800440385010197,0.0949447154147064,-1.55585744434694,-1.20903342271206,-0.178195256356211,-0.740167732373239,-0.192587838308177,-0.178648044290745,-1.26708916813375
"1331048",-0.725980003192444,-0.67497536572259,-0.426839007035748,-1.32982493397869,-0.616405202864686,-1.9984939990304,-0.222919875274882,-0.272413201763009,-0.118904752676282,-0.603778841217496,2.20477556575459
"1331050",-1.24895597623552,-0.713993449608711,-1.3167768624849,-0.537125061117655,-0.975974460976542,-0.848724914713352,0.367705271348078,-0.852210719625727,1.22972899612005,-0.55686601691732,-0.789077824236349
"910706",-1.02176413923889,-0.892237181975739,-0.835059477815262,-0.784248767012848,-0.559960496242957,0.412189719761588,0.297087810637798,-0.181660445062356,0.761993503929617,-1.01330117564188,-0.375330702330699
"910703",-1.68305557704968,-0.371834358651069,-1.15139273253034,-1.24608494445581,-1.03412890621995,-2.08426457778047,-0.310229192399595,-0.726226656563648,0.878256559739372,-1.4920101511759,-0.367613272756479
"906831",-0.411530097802717,0.328713109267937,2.12081500238647,-0.719328372305769,-0.352219511015347,0.915460514301926,0.184745995518246,-0.605621123572102,1.04005962731203,-0.438664009698469,0.0257628232605557
"906838",-0.605911104894467,-0.365339462452354,-1.44638957253927,-0.0946036866881841,-0.730885619947746,-1.25010135821876,1.34425640675708,-0.12272587227102,-0.699913133973907,-0.151271184422584,0.10266876418613
"906846",-0.707107567194418,-0.321321138953581,2.40354286405178,-0.939749690193214,1.13729221674996,-0.940018960498998,-0.337234516805804,0.36376146146777,0.47975548472351,0.283277870305602,1.28399645849133
"906847",-0.420197995412628,-0.256213226692556,-0.606458833342886,-0.652767075707183,-0.746545675916441,0.349979387134895,0.222013120141225,-0.666626301472015,-0.276354691671962,-0.378361963632035,0.242898398133874
"1303896",-0.284761544000695,-0.557524681876618,0.091261389563521,-0.894966828395417,1.41778841501328,0.0643163394396256,0.397445193740127,1.11042373452059,1.24796990395199,-0.764822053601877,0.146592612745774
"907268",-0.759195020714806,0.886186792179002,0.383451297520635,-1.39223308029883,1.57319076134964,-1.68434763947,-0.7392462508764,1.29502824907134,-0.422430432708166,-0.678819080743371,0.882377027066472
"908159",-0.610647686487917,-0.437227571511188,1.47094684729413,-0.990990909972192,-0.152784262926254,-0.545556961964867,0.0735320908563484,-0.08393873668599,0.727343967761294,-0.705951054097105,-0.295645533790135
"1330987",-0.535301733024476,-1.21967231795637,-0.784442414510252,-0.0791053463249962,-1.07897618487223,1.35771626268763,0.981461024132657,-0.942295289021488,1.15874500559362,-1.71555864944814,-1.48388880586483
"909262",-0.418213783515241,-0.576642440241094,0.925099640723054,-1.37778142261913,0.791720857307873,-0.822294960278483,-0.52982344561499,0.761624925140891,0.519993164603881,-0.0949298842500377,0.552803364333923
"910401",-1.13413218926553,-0.888993856571409,-0.450644556681009,-0.433282150454078,-0.806480315864473,0.629414637968226,0.252857592192958,-0.412169946107744,0.241183695774406,-1.24450503747611,-0.0545418350637736
"910906",-1.09840966195357,-0.471426020702968,-0.581426930923874,-0.667744127337651,-0.926291055355833,-0.597465405413391,0.142446382659897,-0.704576912603836,1.53999885932136,-1.30791052501789,-0.129421243900849
"924110",0.123798676188658,0.887247009219893,0.382269895267632,-0.570253803200321,0.510921185755463,-0.118349574712335,-0.96773698177757,0.771760253503966,-0.790303170659686,0.734762049993519,-0.770328013932836
"907050",3.16329921305952,1.28259362546398,-0.275537618063651,4.50993172308976,0.389354382891802,0.55735699132861,1.99232735618711,1.0969459694614,-1.66872871976828,0.569618071787526,-1.16871957966177
"1322218",0.959557253028521,-0.890987540423415,1.22331512220419,0.233992149920813,1.06195947091225,-0.664651219074059,-0.727490788014635,0.645945854311336,1.71621062630938,0.895117438817253,1.4507088219199
"909976",0.148084444751072,-0.0741562508314894,-0.579159646200915,-0.490052598060378,0.541868361086478,0.892467355109302,0.236704037193385,1.12581735112014,-2.2191215512193,0.0206684884255663,0.380406136282162
"1330935",-0.377003437501983,0.406917026266961,0.618152800301117,-0.901529452170916,0.315211744693541,-0.605688422073962,-0.91430757346576,1.04974185912509,-1.52568106427599,-0.596917985444985,0.182169197885578
"907322",1.18710592848444,-0.156596437019487,-0.0938007625135297,1.12081190070602,0.615648290096943,1.60499426067829,-0.816276139347142,0.841359432316947,-1.56373105912875,-0.57636498367233,-0.164490323647105
"907323",1.25826856452392,0.0580341106863032,-0.211809364470327,0.429262867737416,-0.449178449719354,0.704612741618869,-0.943821193662448,-0.115862972852346,-0.791367644843497,0.338560180229042,0.204642358480672
"909701",0.536020043108049,0.0492853369242038,1.97538867997292,0.137268947093648,2.72360990895376,-1.02398649983447,-0.474572966338195,1.56734697911646,1.80036308858222,0.769466945133768,1.83571382566797
"1331039",-0.527569054244303,0.0337488627316595,-0.738787689965685,-0.458820107646208,0.340245741749326,-0.9846872918702,-0.3832409986825,0.391612191906036,-0.769388122092183,0.635633650679442,1.15545725761639
"906836",1.89375478238678,2.12394192545464,-0.113019162042407,1.50033803245666,0.43289997156108,-0.433157046424798,1.05252237869471,0.391483298479318,-0.0645937095320009,1.66348455240372,-0.469697001910259
"906854",0.20151157040014,-0.463753811020105,2.34673206192481,-0.482582392658835,2.18306884845537,-1.06702259635924,-1.01088522994408,1.15497296590766,0.684011611912678,0.89660444566527,2.83404743257533
"907043",1.20591034495003,0.305248055509087,-0.0216387591567352,1.53205860395485,0.0170298840290356,-0.160389451691851,-0.133872422507533,0.809550431769727,-0.337073308193414,1.70515088975057,-0.560805492972475
"907269",0.617734055920589,-0.637576935742444,1.36724762005441,0.282735490725572,1.50455879710161,1.37571776023812,-0.999725521495684,0.428939321495915,0.145599548737357,1.33820517390876,0.816361334467288
"907270",0.167455437497388,-0.117999247807976,1.85443939178421,-0.0956228800529216,2.66698513252499,0.211678913014298,-1.28523595318833,1.99329010402111,0.528421460818368,0.955480524085581,1.81437761106737
"1330981",2.19293945328748,1.77115737117049,0.627755715428946,0.986623348615429,0.551721938442081,0.51593058457477,3.2828851424765,1.54967937085358,-1.17463771438965,1.1957344913779,1.18087548452139
"905965",1.02238075385346,3.2160721751,1.65425197326622,0.989456219713059,-0.705668644166368,1.94299926243359,0.645132843841061,-0.0648840551282417,-0.186267314194499,1.25013167125063,-0.512909710990586
"1331049",-0.340673378502388,-0.629940505436461,0.438927795163449,0.0496646703697128,0.83560320471203,-1.06498970886629,-0.716856337219898,1.96800073039776,-0.0678193896773753,0.228374737880783,-0.424066530579404
"909785",-0.567598805758473,-0.670761013983897,-1.03862469592407,-0.0467805301958366,-0.267501324742006,-0.109522232319039,0.582518793476404,-0.235898740356787,0.142722619667291,-0.988416577895223,-0.491807200415728
"946358",0.459584732888125,0.990261662661205,-0.340826432753172,-0.250637591597359,-0.0470374167298038,-0.324809558836865,-1.18002754860684,-0.990605025958186,-0.241952634664217,0.684844906283837,0.218610490172386
