"","EGFR","Hypoxia","JAK.STAT","MAPK","NFkB","PI3K","TGFb","TNFa","Trail","VEGF","p53"
"EGFR",0.116265277777778,0.581326388888889,0.726657986111111,0.116265277777778,0.265749206349206,1,1,0.78986569664903,0.352117698412698,0.282358531746032,0.621663321995465
"MTORC1",1,1,0.721319274376417,0.721319274376417,0.721319274376417,1,0.721319274376417,1,0.721319274376417,0.721319274376417,0.721319274376417
"PDGFR",1,1,1,1,1,1,1,1,1,1,1
"KIT",1,1,1,1,1,1,1,1,1,1,1
"VEGFR",0.647763690476191,1,1,1,0,0.880294246031746,1,0,0.880294246031746,1,0.0110728835978836
"FLT3",0.647763690476191,1,1,1,0.0166093253968254,0.0442915343915344,0.792502097505669,0.207616567460317,0.252461746031746,1,0
"RET",0.627002033730159,0.893212610229277,0.488788718820862,0.488788718820862,0,0.318899047619048,1,0.0498279761904762,0.132874603174603,1,0.318899047619048
"CSF1R",1,1,1,0.664373015873016,0.606240376984127,0.783011054421769,0.783011054421769,0.265749206349206,0.354332275132275,0.0664373015873016,1
"MET",1,1,1,0.0332186507936508,1,0.653300132275132,1,1,0.0332186507936508,1,1
"Proteasome",1,1,1,1,1,1,1,1,1,1,1
"Microtubule stabiliser",1,1,1,1,1,1,1,0.415233134920635,1,1,0.415233134920635
"SMO",0.0110728835978836,0.359868716931217,1,0,0,0.616917800453515,1,1,0.12456994047619,1,0.126230873015873
"BRAF",0.199311904761905,0.570253505291005,0.570253505291005,0.963340873015873,1,1,0.570253505291005,1,0.570253505291005,0.570253505291005,1
"AURKA",1,1,1,0.730810317460317,1,1,0.730810317460317,1,1,1,0.730810317460317
"AURKB",0.0664373015873016,1,0.290663194444444,0.199311904761905,0.644441825396825,1,1,0.70866455026455,0.85893939909297,1,0.290663194444444
"AURKC",1,1,1,1,1,1,1,1,1,1,1
"ABL",0.451773650793651,0.930122222222222,0.451773650793651,0.930122222222222,0.132874603174603,0.451773650793651,1,1,1,1,0.451773650793651
"ALK",0,1,1,1,0.265749206349206,1,1,1,1,1,1
"SRC",1,1,1,1,1,1,1,1,1,1,1
"CDK1",0.270494727891156,0.270494727891156,0.490897839506173,0.132874603174603,0,0.166093253968254,0.963340873015873,0.166093253968254,0.469213442460317,0.963340873015873,0.166093253968254
"CDK2",0.0664373015873016,0.42235141723356,0.818386760461761,0.186024444444444,0.0332186507936508,0.42235141723356,0.61454503968254,0.0775101851851852,0.645918209876543,0.186024444444444,0.734132182539683
"CDK5",0.083046626984127,0.455570068027211,0.232530555555556,0.252461746031746,0.298967857142857,1,0.240835218253968,0.083046626984127,1,0.498279761904762,1
"CDK7",0.458417380952381,0.458417380952381,0.458417380952381,0.458417380952381,0.797247619047619,0.458417380952381,0.874757804232804,0.874757804232804,1,0.797247619047619,1
"CDK9",0.953375277777778,0.476133994708995,0.953375277777778,0.770672698412698,0.564717063492064,0.282358531746032,0.953375277777778,1,0.953375277777778,0.953375277777778,0.282358531746032
"PKC",0.116265277777778,1,0.531498412698413,0.378692619047619,0.378692619047619,0.378692619047619,0.867006785714286,0.755724305555556,0.867006785714286,0.0332186507936508,0.755724305555556
"CDK4",0.996559523809524,1,0.996559523809524,0.996559523809524,0.996559523809524,0.996559523809524,0.996559523809524,1,0.996559523809524,1,1
"LCK",1,1,1,1,0.963340873015873,1,1,1,1,1,1
"BMX",1,1,0.575789947089947,0.575789947089947,1,1,1,0.575789947089947,1,1,1
"PLK1",1,1,1,1,0.315577182539683,1,1,0.315577182539683,1,0.786174735449735,1
"PLK3",0.539803075396825,0.677660476190476,1,1,0.539803075396825,0.166093253968254,1,0.539803075396825,1,1,0.824929828042328
"IGF1R",1,0.271285648148148,0.12180171957672,1,0.083046626984127,1,0.0664373015873016,0.132874603174603,1,0.245818015873016,1
"IR",1,1,0.863684920634921,0.863684920634921,1,1,1,0.863684920634921,1,0.863684920634921,1
"MTOR",0.631154365079365,1,1,1,1,0.0996559523809524,1,1,0.631154365079365,0.631154365079365,0.631154365079365
"AKT1",1,1,1,1,0.232530555555556,1,0.870328650793651,0.531498412698413,0.919049338624339,0.265749206349206,0.870328650793651
"AKT2",1,1,1,1,1,1,1,1,1,1,0.631154365079365
"AKT3",1,1,1,1,0.39862380952381,1,1,1,1,1,1
"HDAC1",0.083046626984127,1,0.252461746031746,1,0.453988227513228,0.892751240079365,0.892751240079365,0.174397916666667,0,0.110728835978836,0.941195105820106
"IKK",0.949104308390023,0.83046626984127,0.970722795414462,0.970722795414462,0.896903571428571,0.83046626984127,0.896903571428571,1,0.896903571428571,1,0.896903571428571
"PI3Kbeta",0.975797867063492,0.575789947089947,0.975797867063492,1,0.298967857142857,0.975797867063492,0.755724305555556,0.575789947089947,1,0.975797867063492,0.978104717813051
"ERK5",0.575789947089947,1,1,1,1,0.575789947089947,0.772333630952381,1,1,1,0.232530555555556
"ERBB2",0,0.444299454365079,0.30727251984127,0.30727251984127,0.365405158730159,0.365405158730159,0.483515917107584,0.30727251984127,0.942201731601732,0.365405158730159,0.790603888888889
"ROCK1",1,1,0.92181755952381,1,0.0332186507936508,1,1,0.199311904761905,1,0.92181755952381,1
"ROCK2",1,0.768774489795918,0.282358531746032,1,0.282358531746032,0.282358531746032,0.498279761904762,0.609008597883598,1,0.967493204365079,0.282358531746032
"DNA crosslinker",0.952267989417989,0.963340873015873,1,1,0.82382253968254,0.963340873015873,0.82382253968254,0.82382253968254,0.82382253968254,1,0.82382253968254
"Microtubule destabiliser",0.87614191468254,1,0.858148478835979,0.87614191468254,0.858148478835979,0.858148478835979,1,0.498279761904762,0.896903571428571,0.43184246031746,0.0664373015873016
"AR",1,1,1,1,1,1,1,0.631154365079365,1,1,1
"ATM",1,0.636690806878307,1,0.636690806878307,0.636690806878307,1,0.636690806878307,1,0.636690806878307,0.636690806878307,1
"FLT1",1,1,0.802784060846561,0.132874603174603,0.653300132275132,0.802784060846561,0.802784060846561,1,0.348795833333333,1,1
"GSK3A",1,1,1,1,1,1,1,1,1,1,1
"GSK3B",1,1,1,1,1,1,1,1,1,1,1
"PDGFRA",0.930122222222222,1,1,1,0.531498412698413,1,0.531498412698413,1,0.930122222222222,1,1
"VEGFR2",0.0166093253968254,0.170838775510204,0.126230873015873,0,0.0221457671957672,0.473365773809524,0.143947486772487,0.0664373015873016,1,1,1
"FGFR1",0.913512896825397,0.950053412698413,1,0.913512896825397,0.913512896825397,0.913512896825397,1,1,1,1,1
"TIE2",1,1,1,0.55364417989418,0.622849702380952,1,1,0.55364417989418,0.55364417989418,0.996559523809524,1
"JNK2",0.27682208994709,1,0.210384788359788,0,0.664373015873016,0.265749206349206,0.664373015873016,0.166093253968254,0.265749206349206,1,0.800938580246914
"BRD2",0.382014484126984,0.834618601190476,0.834618601190476,0.856302998236332,0.834618601190476,0.265749206349206,0.834618601190476,0.946731547619048,0.420769576719577,0.834618601190476,1
"BRD3",0.0664373015873016,1,0.880294246031746,1,0.880294246031746,0.116265277777778,1,1,0.199311904761905,1,0.880294246031746
"BRD4",0.819393386243386,0.819393386243386,0.819393386243386,0.819393386243386,0.819393386243386,0.819393386243386,1,0.819393386243386,0.857041190476191,0.819393386243386,0.819393386243386
"BRDT",0.39862380952381,0.83995731292517,1,0.83995731292517,0,0.166093253968254,1,0.199311904761905,1,0.83995731292517,1
"FNTA",1,1,1,0.996559523809524,1,1,1,1,0.996559523809524,1,1
"PDK1 (PDPK1)",0.166093253968254,1,1,1,1,1,1,1,1,1,1
"BCL2",0.119587142857143,0.601257579365079,0.0664373015873016,0.365405158730159,0,0.601257579365079,1,0,0.303713378684807,0.303713378684807,0.0442915343915344
"BCL-XL",0.755724305555556,1,1,1,0.0996559523809524,1,1,0.755724305555556,1,0.755724305555556,0.950053412698413
"BCL-W",0.525961970899471,0.800569484126984,0.340491170634921,0.993539646464647,0,0.800569484126984,0.800569484126984,0,0.525961970899471,0.800569484126984,0.0221457671957672
"MCL1",0.684304206349206,1,1,1,0.684304206349206,1,0.684304206349206,1,1,0.684304206349206,0.684304206349206
"dsDNA break",1,1,1,0.764028968253968,1,1,0.874757804232804,1,1,0.92181755952381,0.764028968253968
"BTK",0.282358531746032,1,1,1,1,0.282358531746032,1,1,1,1,1
"HSP90",1,1,0.888598908730159,1,0,1,1,0,1,0.888598908730159,1
"PDGFRB",1,0.752956084656085,1,0.697591666666667,0.943409682539682,1,0.752956084656085,1,0.943409682539682,1,1
"IKK2",0.979950198412698,1,0.653300132275132,0.979950198412698,0.979950198412698,0.083046626984127,0.979950198412698,0.083046626984127,0.979950198412698,1,1
"Amyloid beta20",1,0.564717063492063,0.564717063492063,0.564717063492063,0.873175963718821,0.298967857142857,0.564717063492063,1,0.564717063492063,1,1
"Amyloid beta40",1,1,0.631154365079365,1,0,1,1,0,1,0.0415233134920635,0.0110728835978836
"JAK2",0.481670436507937,1,1,0.481670436507937,1,1,1,1,1,1,1
"JNK1",1,1,1,1,1,1,1,1,1,1,1
"CDK6",0.232530555555556,1,1,1,1,0.597935714285714,1,1,1,0.487206878306878,0.315577182539683
"PI3K (class 1)",1,0.764028968253968,1,1,1,0.764028968253968,0.764028968253968,1,1,1,0.764028968253968
"PI3Kgamma",1,0.664373015873016,1,1,1,1,0.564717063492064,0.83046626984127,0.564717063492064,1,1
"RSK",0.776485962301587,0.955958950617284,0.776485962301587,1,0.0332186507936508,0.174397916666667,0.776485962301587,0.0332186507936508,0.710879126984127,1,0.055364417989418
"G9a and GLP",0.0332186507936508,0.73911498015873,0.847075595238095,1,0.0332186507936508,1,0.73911498015873,0.847075595238095,1,1,1
"FLT4",0.132874603174603,1,1,0.315577182539683,0.578004523809524,0.578004523809524,1,1,0.542571296296296,0.98548664021164,1
"NTRK2",0.398623809523809,0.880294246031746,0.878448765432099,1,0.232530555555556,0.210384788359788,0.651916021825397,0.166093253968254,0.645390929705215,0.252461746031746,0.0332186507936508
"LTK",1,0.265749206349206,1,0.265749206349206,0.0996559523809524,0.589631051587302,0.657729285714286,1,0.930122222222222,0.963340873015873,1
"TAK1",0.12180171957672,0.87614191468254,1,0.87614191468254,0,1,0.87614191468254,0.0332186507936508,1,0.671016746031746,0.671016746031746
"ERK2",1,1,1,0.797247619047619,1,0.465061111111111,1,1,0.797247619047619,0.92181755952381,1
"HDAC6",0.901055902777778,1,0.310040740740741,1,0,1,0.901055902777778,0.0581326388888889,0,0,0.252461746031746
"VEGFR1",0.586862830687831,0.933444087301587,0.0775101851851852,0,0.0249139880952381,0.0166093253968254,0.113892517006803,0.0249139880952381,0.0531498412698413,0.586862830687831,1
"VEGFR3",0.12180171957672,1,0.942579216269841,0.942579216269841,0,0.564717063492063,1,0,0.290663194444444,0.352117698412698,1
"MTORC2",1,1,1,0.465061111111111,1,1,1,1,1,1,1
"PIM3",1,1,1,1,1,1,1,1,1,1,1
"ALK5",1,0.177166137566138,0.442915343915344,0.442915343915344,0.0166093253968254,1,0.512516326530612,0.0166093253968254,1,0.390319146825397,1
"TNKS1",0.770672698412698,1,1,0.770672698412698,0.770672698412698,1,0.958595351473923,1,0.770672698412698,0.770672698412698,0.958595351473923
"TNKS2",0.0996559523809524,1,1,0,1,1,0.30727251984127,1,0.30727251984127,1,1
"TOP1",0.382014484126984,0.867006785714286,1,0.382014484126984,0.382014484126984,0.382014484126984,0.382014484126984,0.867006785714286,0.382014484126984,0.867006785714286,0.867006785714286
"Antimetabolite",0.98548664021164,0.506584424603175,0.98548664021164,1,0.506584424603175,0.806738662131519,0.506584424603175,0.642227248677249,0.642227248677249,0.999881388888889,0.506584424603175
"MEK1",1,0.764028968253968,1,0.896903571428571,0.764028968253968,0.764028968253968,0.348795833333333,0.348795833333333,0.896903571428571,1,1
"MEK2",0.784790625,0.784790625,0.784790625,0.365405158730159,0.784790625,1,0.784790625,0.365405158730159,1,1,0.784790625
"PARP1",1,1,1,0.199311904761905,0.43184246031746,1,1,1,0.199311904761905,1,1
"PARP2",1,1,0.631154365079365,0.631154365079365,1,1,1,1,0.365405158730159,1,1
"CHEK1",1,1,1,1,0,0.221457671957672,1,0.221457671957672,1,1,0.680982341269841
"NTRK1",0.676830009920635,0.956697142857143,0.676830009920635,0.676830009920635,0,0.345473968253968,1,0,0.345473968253968,0.727119356261023,0.345473968253968
"p38",0.39862380952381,1,0.520425529100529,1,0.39862380952381,1,1,1,1,1,1
"MDM2",0.968086394557823,0.988254861111111,1,0.968086394557823,0.968086394557823,0.968086394557823,0.968086394557823,0.132874603174603,0.968086394557823,1,1
