"","EGFR","Hypoxia","JAK.STAT","MAPK","NFkB","PI3K","TGFb","TNFa","Trail","VEGF","p53"
"EGFR",0.005,0.105,0.175,0.007,0.024,0.32,0.412,0.214,0.053,0.034,0.131
"MTORC1",0.417,0.344,0.152,0.126,0.09,0.331,0.145,0.466,0.074,0.067,0.047
"PDGFR",0.262,0.371,0.309,0.216,0.404,0.05,0.23,0.247,0.329,0.53,0.092
"KIT",0.339,0.144,0.5,0.082,0.411,0.159,0.41,0.247,0.196,0.25,0.388
"VEGFR",0.078,0.337,0.414,0.374,0,0.159,0.422,0,0.154,0.273,0.001
"FLT3",0.117,0.376,0.277,0.311,0.001,0.004,0.167,0.025,0.038,0.396,0
"RET",0.151,0.242,0.103,0.098,0,0.048,0.328,0.003,0.012,0.5,0.043
"CSF1R",0.364,0.525,0.285,0.1,0.073,0.165,0.155,0.016,0.032,0.002,0.435
"MET",0.378,0.491,0.241,0.002,0.427,0.059,0.272,0.2,0.001,0.246,0.288
"Proteasome",0.33,0.191,0.122,0.194,0.233,0.182,0.355,0.245,0.297,0.186,0.348
"Microtubule stabiliser",0.468,0.372,0.374,0.25,0.11,0.437,0.243,0.025,0.417,0.438,0.019
"SMO",0.001,0.065,0.393,0,0,0.13,0.242,0.291,0.015,0.403,0.019
"BRAF",0.006,0.103,0.076,0.203,0.539,0.378,0.094,0.455,0.06,0.07,0.241
"AURKA",0.218,0.56,0.371,0.051,0.277,0.125,0.066,0.228,0.594,0.504,0.043
"AURKB",0.002,0.637,0.035,0.012,0.097,0.66,0.69,0.128,0.181,0.31,0.035
"AURKC",0.493,0.311,0.098,0.154,0.123,0.368,0.268,0.29,0.353,0.412,0.074
"ABL",0.03,0.171,0.068,0.196,0.004,0.06,0.389,0.5,0.26,0.458,0.055
"ALK",0,0.382,0.098,0.348,0.016,0.283,0.288,0.14,0.19,0.314,0.2
"SRC",0.284,0.369,0.486,0.412,0.082,0.466,0.199,0.118,0.242,0.324,0.497
"CDK1",0.053,0.057,0.133,0.008,0,0.018,0.319,0.023,0.113,0.306,0.025
"CDK2",0.004,0.089,0.271,0.028,0.001,0.081,0.148,0.007,0.175,0.027,0.221
"CDK5",0.005,0.096,0.021,0.038,0.054,0.442,0.029,0.003,0.366,0.12,0.433
"CDK7",0.025,0.038,0.062,0.065,0.161,0.069,0.223,0.237,0.337,0.168,0.35
"CDK9",0.272,0.043,0.287,0.116,0.068,0.016,0.264,0.587,0.255,0.276,0.017
"PKC",0.007,0.341,0.096,0.057,0.053,0.04,0.261,0.182,0.251,0.001,0.182
"CDK4",0.18,0.598,0.204,0.21,0.131,0.053,0.071,0.568,0.166,0.428,0.262
"LCK",0.179,0.43,0.16,0.513,0.029,0.393,0.097,0.31,0.196,0.259,0.468
"BMX",0.293,0.27,0.038,0.023,0.354,0.138,0.355,0.052,0.499,0.46,0.534
"PLK1",0.215,0.459,0.493,0.271,0.019,0.654,0.535,0.019,0.632,0.071,0.477
"PLK3",0.065,0.102,0.351,0.581,0.063,0.005,0.406,0.037,0.369,0.215,0.149
"IGF1R",0.429,0.049,0.011,0.237,0.005,0.447,0.002,0.016,0.264,0.037,0.471
"IR",0.387,0.325,0.074,0.104,0.375,0.418,0.159,0.031,0.364,0.091,0.215
"MTOR",0.088,0.408,0.369,0.508,0.256,0.003,0.258,0.183,0.067,0.082,0.095
"AKT1",0.307,0.308,0.47,0.558,0.007,0.424,0.126,0.048,0.166,0.016,0.131
"AKT2",0.111,0.126,0.402,0.467,0.28,0.556,0.251,0.479,0.216,0.074,0.019
"AKT3",0.155,0.104,0.445,0.509,0.012,0.4,0.349,0.176,0.24,0.125,0.565
"HDAC1",0.005,0.596,0.038,0.592,0.082,0.215,0.191,0.021,0,0.01,0.255
"IKK",0.2,0.046,0.263,0.247,0.118,0.05,0.162,0.54,0.136,0.48,0.15
"PI3Kbeta",0.235,0.046,0.212,0.618,0.009,0.178,0.091,0.052,0.649,0.163,0.265
"ERK5",0.052,0.189,0.351,0.423,0.281,0.049,0.093,0.367,0.298,0.189,0.007
"ERBB2",0,0.107,0.037,0.033,0.077,0.062,0.131,0.026,0.312,0.074,0.238
"ROCK1",0.283,0.397,0.11,0.209,0.001,0.531,0.435,0.012,0.253,0.111,0.276
"ROCK2",0.366,0.162,0.034,0.474,0.018,0.033,0.075,0.11,0.46,0.233,0.023
"DNA crosslinker",0.172,0.208,0.443,0.309,0.119,0.232,0.05,0.048,0.089,0.367,0.124
"Microtubule destabiliser",0.211,0.302,0.155,0.189,0.104,0.143,0.574,0.045,0.243,0.026,0.002
"AR",0.632,0.398,0.446,0.307,0.092,0.21,0.489,0.019,0.135,0.415,0.568
"ATM",0.333,0.115,0.434,0.09,0.103,0.282,0.049,0.273,0.072,0.023,0.236
"FLT1",0.505,0.239,0.115,0.004,0.059,0.138,0.145,0.451,0.021,0.36,0.327
"GSK3A",0.035,0.26,0.17,0.39,0.112,0.468,0.104,0.191,0.323,0.509,0.252
"GSK3B",0.11,0.461,0.331,0.399,0.271,0.454,0.282,0.342,0.444,0.426,0.414
"PDGFRA",0.112,0.429,0.299,0.315,0.016,0.402,0.032,0.53,0.109,0.623,0.505
"VEGFR2",0.001,0.036,0.019,0,0.002,0.114,0.026,0.008,0.464,0.308,0.476
"FGFR1",0.084,0.143,0.46,0.057,0.11,0.07,0.329,0.349,0.234,0.448,0.242
"TIE2",0.342,0.205,0.407,0.045,0.075,0.221,0.566,0.05,0.02,0.15,0.389
"JNK2",0.05,0.385,0.019,0,0.155,0.038,0.16,0.01,0.04,0.335,0.217
"BRD2",0.023,0.131,0.158,0.232,0.194,0.008,0.197,0.285,0.038,0.201,0.362
"BRD3",0.002,0.681,0.159,0.554,0.147,0.007,0.503,0.54,0.018,0.49,0.134
"BRD4",0.143,0.154,0.205,0.187,0.188,0.168,0.397,0.137,0.258,0.041,0.222
"BRDT",0.048,0.164,0.621,0.177,0,0.01,0.612,0.018,0.4,0.138,0.419
"FNTA",0.546,0.171,0.409,0.047,0.486,0.31,0.528,0.26,0.06,0.15,0.375
"PDK1 (PDPK1)",0.005,0.123,0.381,0.254,0.612,0.594,0.492,0.127,0.205,0.468,0.133
"BCL2",0.018,0.179,0.008,0.088,0,0.181,0.521,0,0.064,0.064,0.004
"BCL-XL",0.08,0.183,0.463,0.276,0.003,0.281,0.338,0.051,0.249,0.091,0.143
"BCL-W",0.084,0.222,0.041,0.329,0,0.241,0.178,0,0.095,0.215,0.002
"MCL1",0.087,0.208,0.275,0.401,0.103,0.234,0.09,0.53,0.352,0.041,0.052
"dsDNA break",0.479,0.406,0.308,0.046,0.165,0.469,0.079,0.284,0.213,0.111,0.041
"BTK",0.011,0.192,0.338,0.438,0.217,0.017,0.316,0.438,0.254,0.226,0.374
"HSP90",0.529,0.353,0.095,0.219,0,0.232,0.277,0,0.571,0.107,0.44
"PDGFRB",0.264,0.059,0.289,0.021,0.13,0.287,0.068,0.323,0.142,0.437,0.218
"IKK2",0.222,0.668,0.059,0.19,0.236,0.005,0.17,0.003,0.191,0.523,0.399
"Amyloid beta20",0.281,0.102,0.049,0.074,0.184,0.009,0.051,0.326,0.087,0.496,0.493
"Amyloid beta40",0.394,0.523,0.095,0.349,0,0.272,0.437,0,0.295,0.005,0.001
"JAK2",0.023,0.134,0.358,0.029,0.157,0.242,0.144,0.316,0.279,0.455,0.366
"JNK1",0.367,0.34,0.04,0.385,0.089,0.433,0.37,0.504,0.401,0.45,0.511
"CDK6",0.007,0.214,0.362,0.377,0.598,0.072,0.31,0.317,0.537,0.044,0.019
"PI3K (class 1)",0.505,0.07,0.325,0.262,0.225,0.061,0.092,0.35,0.544,0.317,0.046
"PI3Kgamma",0.439,0.06,0.243,0.374,0.337,0.48,0.034,0.1,0.021,0.446,0.321
"RSK",0.18,0.259,0.187,0.445,0.002,0.021,0.145,0.001,0.107,0.307,0.005
"G9a and GLP",0.002,0.089,0.153,0.246,0.001,0.293,0.082,0.147,0.248,0.432,0.31
"FLT4",0.004,0.291,0.314,0.019,0.071,0.087,0.355,0.264,0.049,0.178,0.378
"NTRK2",0.072,0.265,0.238,0.525,0.028,0.019,0.157,0.01,0.136,0.038,0.001
"LTK",0.28,0.024,0.436,0.021,0.003,0.071,0.099,0.277,0.168,0.203,0.423
"TAK1",0.011,0.211,0.321,0.207,0,0.323,0.17,0.002,0.364,0.101,0.081
"ERK2",0.231,0.639,0.16,0.061,0.436,0.014,0.206,0.636,0.072,0.111,0.25
"HDAC6",0.2,0.645,0.056,0.344,0,0.479,0.217,0.007,0,0,0.038
"VEGFR1",0.144,0.281,0.014,0,0.003,0.001,0.024,0.003,0.008,0.159,0.433
"VEGFR3",0.011,0.299,0.212,0.227,0,0.102,0.422,0,0.035,0.053,0.384
"MTORC2",0.607,0.332,0.318,0.014,0.495,0.081,0.261,0.538,0.279,0.496,0.113
"PIM3",0.326,0.06,0.306,0.17,0.404,0.332,0.333,0.294,0.316,0.275,0.446
"ALK5",0.571,0.016,0.078,0.08,0.001,0.301,0.108,0.001,0.732,0.047,0.379
"TNKS1",0.074,0.52,0.37,0.068,0.099,0.314,0.192,0.331,0.084,0.116,0.202
"TNKS2",0.006,0.364,0.561,0,0.356,0.423,0.031,0.405,0.037,0.362,0.548
"TOP1",0.05,0.261,0.533,0.066,0.041,0.043,0.069,0.204,0.05,0.235,0.253
"Antimetabolite",0.257,0.047,0.267,0.348,0.06,0.17,0.061,0.116,0.113,0.301,0.059
"MEK1",0.445,0.096,0.303,0.187,0.115,0.112,0.02,0.021,0.189,0.312,0.33
"MEK2",0.189,0.13,0.104,0.022,0.169,0.308,0.159,0.02,0.475,0.606,0.164
"PARP1",0.181,0.5,0.243,0.012,0.039,0.204,0.618,0.6,0.006,0.549,0.314
"PARP2",0.279,0.653,0.057,0.051,0.147,0.346,0.234,0.254,0.011,0.156,0.194
"CHEK1",0.29,0.211,0.422,0.38,0,0.02,0.183,0.02,0.29,0.446,0.082
"NTRK1",0.15,0.288,0.134,0.163,0,0.032,0.431,0,0.052,0.197,0.048
"p38",0.024,0.251,0.047,0.275,0.024,0.435,0.457,0.395,0.234,0.135,0.362
"MDM2",0.153,0.238,0.306,0.095,0.204,0.135,0.179,0.004,0.174,0.271,0.408
