"","EGFR","Hypoxia","JAK.STAT","MAPK","NFkB","PI3K","TGFb","TNFa","Trail","VEGF","p53"
"906794",-1.48602111251791,1.33316184607204,0.0128293955216738,-2.01480868294446,-0.886655960288659,-0.376321060480139,0.897055269048329,-0.61724529577087,-0.481494214519875,1.38563970475189,1.57098599107297
"753531",0.0646754195812005,0.635757936764714,1.18841409166947,-0.82732073336321,0.983246828946054,-1.13156693242182,-0.132456881679029,0.985197199479584,0.813704856329129,0.810455463037003,0.147959253857444
"753532",1.06429735181371,1.68057667807301,-0.039588248373571,1.00424681225192,1.56188118247263,-0.887271682027032,1.96960602769779,0.717810145073509,1.02192384028536,1.8982927214849,-0.0120756472535605
"753535",1.01986880835152,-0.0518618218280578,1.61517283042898,1.25054478616153,1.65124849917045,0.770467497817084,0.896161642681327,1.29653617450379,1.30299219611837,1.71451382138881,0.590490805282309
"1290724",0.335680444273792,1.03495530370318,-0.0257495828023072,0.840296860736097,-0.685398088016924,1.10960829290109,0.460609886955887,-1.01944474493688,1.70530427716019,1.56334944367976,-1.40058287232794
"1240121",1.72061934731743,-0.131794359690564,0.392724100576925,1.16308987423994,1.25209288422743,0.810612236699895,0.0205461750765986,1.01229780032413,1.71850473248986,0.732352591593395,0.202590572232362
"1290725",1.28021001561813,-0.0159567747058476,-0.529250385034458,1.2147317007868,1.27309139407267,1.62594559297015,-0.639510855598825,1.76527134937305,0.0958302411474669,-0.858594719772191,-0.470457692088957
"1240122",1.0034557884058,-0.0522404472264591,-0.531252467930752,0.56407304935538,-0.408143088596357,2.12755932873927,-0.295160865336347,-0.198205459326295,0.659803975266246,0.641427523764206,-0.281617973008728
"753538",1.08713971945578,-0.356284702926698,0.116357637843075,0.49944361211238,-0.234153066776114,-0.375012169302434,0.529611575993853,-0.81391383198284,-0.524596771459652,0.333932789782659,0.828738702582329
"910916",-0.843786616437712,0.450413268452469,2.22108292644612,-1.52364766477996,1.16476423883573,-0.619839866853446,-0.762951418870131,1.51411982193745,0.384408458428877,-0.280808670217914,0.959332532784004
"753541",0.897686005132517,-0.354425951901618,0.985336275931988,-0.447137341706721,2.2271966532058,-0.177714833314763,-0.174531598711296,2.2767605659745,1.0286873168189,-1.21292060184924,1.10503345676718
"906837",-0.677476720629755,0.508143201724636,0.84910605690525,-1.01831593351471,1.78320566499325,-0.0333304119239785,0.589728264713312,2.00149295226629,-1.31196130367341,-0.530044967734953,0.301258868592206
"910936",0.416877998784439,-0.87548500632659,-0.643455554009959,-0.68213290535281,-0.220231184609562,0.0466469938251202,2.11443029017971,-0.293764467285026,0.894805321201846,1.37659734891712,0.552928830473142
"906863",-0.938157406929114,-0.389779381936816,0.99824586396213,-0.685270404044555,-0.0714314097307385,0.601542418216091,-2.30623726419359,-0.0118019054972977,-1.62167492548601,-0.75677425346205,0.19855618082999
"1240140",-0.673394899764813,1.40138249513668,-1.12250339883857,-0.578436120709839,-0.914967604525484,-0.935813582786463,1.90958016135872,-0.694792440435582,-0.991958598454451,0.55261331740174,0.177539529413799
"907059",-1.4553885807615,-0.823734082373661,2.35651659236244,-2.06521902763979,0.651948247202896,-0.547104832340605,-0.381442487127907,0.781985340571482,1.99511224020869,0.362114418289208,-0.0767084107596572
"924111",1.26898850836066,0.694101353351251,0.442611649060619,0.365301270581734,1.65235324885993,0.682843274539296,0.981417701543833,1.0419296955723,1.7679731552427,0.729612598696758,-0.160302845520532
"753561",1.48558130436879,-0.243360724916364,-1.3070221708661,0.700841043993524,1.5954749323979,1.69223251809254,-0.480654140915288,1.11149004598956,-0.301944280314755,-0.613712703495256,0.421362839454835
"753562",2.03917885120375,0.818931672635183,-1.06500169850923,2.87010145210747,0.561772652804192,3.05754858863395,-0.336842061600471,-0.117822697422343,0.678860633601349,0.399553429706817,-0.760548717829381
"907061",1.51971617426806,0.55215371968403,0.469437345945233,1.60160571452136,1.82345600280207,0.147034464026405,-1.18687475547506,1.69739429849715,0.754660068790974,0.256727647604278,0.665540302064357
"907062",-1.74501121053742,-0.161954243826247,1.39789585925992,-1.38855596110503,0.360207453274866,0.238697830167489,0.674382016681499,1.04952248113299,-0.00780252743456196,-0.613608763155476,0.0236950603169555
"1240161",-0.60912022315986,-0.424370108644312,1.78015977210099,-1.0956347809295,1.12081889113084,-0.512168183933512,0.585361739382265,1.12544791116766,0.180416879366321,0.0560108782527637,0.323598161307791
"1240162",-1.15158044661134,-1.32588590788999,-0.207010573522626,-1.29419869854639,-0.657007597806459,0.536919288831346,0.013676808587526,-0.52904533133937,0.0614666281837981,-0.573794020825468,-0.489229228992374
"1298215",1.24049695029769,0.166462574837363,0.227235473668495,0.732573810314748,0.817476041225261,0.393553231319457,0.830591086022193,0.589227600913268,1.01942778141911,1.20231759436494,0.134403685543813
"753570",-0.0401676577689427,0.397782500442172,1.64478282472499,-0.79107540928156,0.704473869403601,0.289187790755985,2.19465302417724,1.17095172978267,0.289234753732567,0.775686484829367,0.256977104566437
"753583",0.0654120143513962,-0.143894789909341,-0.598336107096114,0.331320681389228,-0.24061926332113,0.817449549167175,-0.457232565460214,0.767942747578741,-0.660372839756657,1.57673497790368,-2.05957385311368
"1298362",1.11481356515347,0.862112525034572,1.40461165809582,0.226665301376671,2.52842953638929,-0.166214288691479,2.33929383984797,2.49962831951301,0.813544882910486,1.60336837474444,-0.85611885091886
"1240196",-0.11088356404976,0.464666523209415,1.88181343368603,-0.188418651906433,-0.425692096227042,0.736886427193553,1.07822269649808,-0.0408234249849786,0.289474018946743,-0.0576700755742877,-0.0432584068683034
"1240204",0.0765375789403811,-0.713349444644257,-0.107761824173633,-0.790784008804954,-0.219333945043882,-0.744054640547673,0.922849344767393,-0.0838545141309557,0.0405158991181246,-1.24740381243647,1.41331807117432
"1298529",0.276496519903826,1.63310859076049,-0.180578650075558,-0.178928194274251,-1.18111140605763,1.02924287798022,0.0192014358128736,-0.822498619570481,0.154866266107172,1.00423968927382,-1.94265766111004
"1240205",-0.176685618770062,-0.775458027354479,-0.96400669713989,0.0518962561630074,-0.869783003587914,-0.431711056738834,0.490245733483644,-0.734994233142794,-0.286475609487283,-0.351752098988997,1.8444735612899
"1298531",0.642659158992934,0.670910013552359,0.853951002548594,0.378079131167608,0.47997559463051,0.169116483428286,-0.784877393781981,0.306773178129719,1.78786595116567,0.488811705790074,0.624330561895596
"1240206",0.546142887907921,-1.46136223863666,1.35575703878461,0.477792667020509,-0.728352003225936,-0.157101779896363,-0.919531736499265,-0.473186799675445,0.867663257854222,0.0552900400907276,1.50610812820701
"1240207",0.367648782545721,-0.520011600211184,1.21765292982654,0.787690733441008,-0.334485173504595,0.614674096769051,0.0904536270436291,-0.639579152193843,0.0788207538169125,-0.397134207257111,-0.323636232002746
"909700",-2.41086038094763,-1.51080666589737,-1.00878478874335,-1.77024067766785,-1.06448832080927,-1.99947963865494,-1.79994514329915,-1.60150827999012,-0.323233361546856,1.28642057839944,0.0910363239634449
"909708",0.680017827288655,-1.12283291043535,-0.533236519064359,1.10995746390167,0.146624056577453,-0.758535784404567,-0.405280485031713,-0.0124432024447708,0.113584829826769,1.07298341295168,-0.742269406399821
"1299050",0.467410932513506,-1.29667636319701,-0.319140013934459,0.506978985918265,-0.450456744309438,0.586359500399156,-0.765757804590514,-0.652188299266135,0.849935249049578,0.636613598196332,0.718192434403789
"910911",0.270897866095401,0.989976495327851,0.710405153001102,-0.157874102137444,1.78554840439086,-0.723327026276683,1.81117864583345,2.0023518306529,0.600145820629131,0.44458420584506,1.59861092791563
"910701",0.39878870749511,0.0859438086071001,1.1002676840453,-0.0599144473948793,1.91188743156946,-0.6929785669341,1.2878050353106,1.83722286845868,1.110972118039,0.550158583651812,0.298905725820632
"910904",0.520168669083079,-1.12286231678463,0.231444539904984,0.349874871854939,0.159515868444597,-0.305575120697045,0.675832452819388,0.100481900384494,0.342883592061753,-1.04508040712054,0.821166855794805
"909709",0.345184006361682,1.34541036121551,1.26251296769094,0.0833171567825732,1.65862685858349,0.250818678596088,0.904904056618771,1.36784935835332,1.40493221723755,0.0600437845472544,0.583641642343886
"1299059",-0.803219669877659,0.585112347914407,-0.178455853183282,-0.888867405162219,0.420955749589948,0.0121968940326229,-0.0997962403020355,0.279592252231147,0.272829202751114,-0.482428402969681,0.760979733992427
"906817",-0.0473431319211639,0.534393935422924,0.603114627936755,-0.356784457657822,-0.402447261267592,-0.187475055391327,-0.229716956637936,0.163661291219122,0.0474828298926259,-0.118477922032168,0.0432972499331409
"753555",0.974501329341693,-0.320104943283322,-0.174744040758293,0.91692314127753,0.673867626299646,-0.180282004209953,-0.251521416255996,0.315583515103737,0.0532091128337456,0.680102931895713,0.0199891344122022
"1503366",-0.0355464945816389,4.31615080050979,-0.0132069629257372,-0.0215494124004937,-0.450998492696331,-1.29328359379176,-2.42550406555044,-0.10973983425226,-1.02046909090361,-0.960120117947817,-0.977751788050135
"1503367",0.479385385634065,2.37078124806287,0.31335574644061,1.5398538181492,-0.215416844367049,-1.79158404509971,-0.959657631419533,-0.225702610070399,-2.46391405964529,-0.0628112582582097,-1.56333929102475
"1503361",0.0257058905287621,-0.242590853787198,-0.603751939650609,0.474915233664132,-0.160518970453049,0.9256231187679,-0.453838556119753,0.782845439058967,-1.31048189157333,1.36725875802715,-1.95018262373238
"753559",0.0150851786709173,-0.484410306150809,1.0482392678557,0.447632705668395,-0.974653424728699,-0.109610187520406,-0.474713364357889,-0.079506567122385,1.17879469150677,1.20279231052013,-1.77583410453388
"1503368",0.450675439829937,-1.19623628492183,0.993909624340275,0.430730112875529,0.23250955429825,-0.333594764759693,-0.749263424969477,0.278678821084858,0.422034244987126,-0.621562487399838,-1.61741880782876
"753573",-0.876059670805329,0.741163594371238,-1.4754985719978,0.546809998230505,-0.985349288805787,-0.800442720988827,-0.0127609733196238,-1.29931884030323,0.671083292753086,-2.00451903671308,-0.600635291410584
"907317",-1.01867846625626,-0.678170992293597,-0.745548116185922,-1.29542037624208,-0.569018509938372,-0.73987178068674,-1.38511339777273,-1.02060085607762,-0.416188637262962,0.922157536028615,-0.166701386924673
"907318",-1.70566528230551,-0.0151834754325486,-0.749964150748257,-0.810083178716589,-1.19294720876737,-1.86453709512386,-1.26959954721394,-0.882384535319192,-0.43811532954024,0.0571670877867481,1.21196937961174
"1240167",-1.74648539078487,-1.26942924098088,-0.674631437859083,-1.24533843348234,-1.25279669436956,-0.294625106043609,-0.294285211720772,-1.17794398978201,-0.764513681456869,-0.85753211044006,-0.0127029842924019
"907319",0.0909699021569654,2.49014275851396,-0.809225369582777,0.209509484899995,-0.74260685948582,-1.25575817254489,0.812063933358791,0.0564022567916682,-0.137156423460397,0.437770569404505,-1.56704977138867
"753574",-0.487885526965568,-0.510760074919364,-0.900977767822629,-0.0679695092760514,-1.19920189206279,2.31080707139756,0.152809216459103,-1.33039347077742,-1.07926263091018,-0.696338061243915,-0.596374453023579
"907320",-1.06425718084318,-0.58120636843152,-1.15052182114147,-1.31271488342243,-1.41009299035649,-0.90992558889145,-1.0347834999355,-1.36443214807206,-0.968253644571364,-0.812532354181975,-0.268616390436338
"1298222",-0.277834756716405,-0.484564317437905,-0.479903480766053,0.444835627020047,-0.928656059344392,-1.46090564242532,-0.417957610703578,-0.827710033074094,-0.687641505266672,0.966420984377917,0.772665585607605
"907321",-0.252639173316028,-0.457546942611128,-0.537993516165099,-0.341943419743328,0.385322389217731,-0.0234868953398625,0.029521248131529,0.294533387277394,-0.851826157132334,-0.294833980600555,0.171923033284748
"753575",1.54863522670174,0.226472362488154,-1.0473210655703,1.84280410337691,-0.82092450420625,1.53996616365357,0.43986646825369,-1.05121458152246,0.5340694463541,0.609970315460362,-0.545954716982483
"753576",-0.325870173915544,-0.465354664629225,-1.78009756742467,0.703744079398288,-0.441180130307873,-1.70256419541702,-0.87664117590574,-1.36812558643804,0.464092410697535,-0.781834751283497,1.21658733220767
"1503363",-1.93765962680982,-0.152897259274634,-1.62246233925283,-1.50997359366146,-1.48820879856372,-0.688558983509762,-0.247180349753411,-1.21669745409974,-3.03288390831605,-0.965396834262018,-2.78157858713364
"1503362",-0.0618300679809564,-0.690700766233738,-0.581868599670621,-0.0829572205912141,-0.367736029715734,0.872041966894576,-0.183593402113951,-0.339861252134799,-0.511726547949311,0.176551059135683,-0.887910848923349
"910079",0.375655417098196,-1.3252524870734,-1.45156468522574,1.08797333275437,-1.10174611299695,-0.902591280972284,-0.494809946805088,-1.03601022205645,-1.04273705049697,0.149641659861637,-1.09061778114401
"1298359",-0.190026507602274,-0.788259816526766,1.60813456797289,-0.17123163801023,-0.549562537040827,0.87562210858895,0.239723800956604,-0.512769712424257,-0.13971815696448,-1.24783738714248,1.76583982100459
"910549",2.07589603722198,0.405018437652171,0.146220341829945,2.0802500055072,0.142281137973087,1.5889394202888,-1.41591543520902,0.357388442015492,-1.4070256538129,-0.859628684172251,-1.11228575261144
"1503365",-0.0247388971793404,-0.0634558433811361,0.0288121764642393,0.788794248000812,-0.0526154458715252,0.310248880052734,0.626536658315451,-0.302430776926745,-1.04628726629282,-0.209786989613957,1.66479820279081
"753621",-0.0537083648722214,-0.928547091958721,-0.494475470209685,-0.165532742613993,-1.20676974417163,0.723260255418676,-0.0321436010354074,-0.73896367364077,0.427386989608938,0.43257638778016,-0.734745766128612
"753622",0.438704687542221,1.06172964569661,-0.989890532041817,0.23353275258595,-0.629545634186237,0.949619901215658,0.916122449139501,-0.546932214386413,-0.414278396894588,-0.7570789228926,-0.0417838726456382
"946354",-0.946909031000013,-0.362350010636784,-0.32618258491826,-0.708454442438737,-0.523808274788143,-1.14298520536179,0.00415984019995074,-0.556258891039216,-0.455976690538745,-0.545482455165877,1.00622335571236
"946356",-0.208967864670528,-0.941379360417333,-0.750690612123073,-0.297969200557483,-0.597414962952846,0.260743137436077,-0.86214399389777,-0.717481341998054,-0.554201699907314,-0.978573551686568,0.507371575714995
"753614",-2.00764483913243,-0.570161549278993,0.133381046231837,-1.77862293783187,-0.43986737697729,-1.32003292678521,-1.42708856165903,-0.182361987923142,-2.30177811146219,-0.308469878673498,1.00243729898085
"1503371",0.740078819071042,0.299150939299715,-1.24533871519257,0.939538116878314,-0.253126663903845,0.302253902376767,-0.215811153763819,-0.773090861513715,-0.832095068112089,-0.884029700310125,-1.18018843452835
"735784",-0.700439851461115,-0.531400028628909,-0.944970841163497,-0.742754632166705,-0.204666670691909,0.764918807829508,-0.424108919460813,-0.442899493048314,-0.402180312452632,-3.26992686522403,1.20944385231498
"946355",-1.68448895410845,-0.875520368761164,0.33631068307614,-0.734545238310084,-0.631006273408809,-0.758727541296733,-0.779480194329706,-1.09487643811189,-0.735826652959404,-2.9814495102612,0.191394317600191
"753623",-0.985963407012324,0.20545374201969,-0.979067996509348,-0.96627372353911,-1.30630690416069,-0.228575964068069,1.94957565154387,-1.23592809293185,-0.864291258548355,-0.643225827105365,-0.915182154778103
"946353",0.897821826951516,-0.534148842201938,-0.840060853667415,1.16684502189146,-0.125491290962993,0.84897082651036,0.271413153581119,-0.638175923558703,1.25709778378573,0.0561381408512105,0.105273492731201
"1299064",-0.567369575610907,-0.617500920019187,-1.19670961426883,0.0917851735715692,-0.893261085002179,-1.0556192070784,-0.882474869691763,-1.11944663241142,0.233942040839015,-0.745818078598983,0.394923129866027
