"","EGFR","Hypoxia","JAK.STAT","MAPK","NFkB","PI3K","TGFb","TNFa","Trail","VEGF","p53"
"910700",-1.00572409192797,0.00129570231307163,-0.325929249824912,-2.01603770173692,-0.501698896627706,-0.888593834331567,-0.525587242032222,-0.292026356602853,0.710304778435496,-0.553413066377758,-0.905652275029041
"924108",-0.676693879972923,-0.0842719530402227,1.17377887041304,-0.785909104284288,3.29438609468994,0.230506639927973,1.25859639023714,4.16142024079672,0.592411848862293,0.852865090524891,-0.796963163999752
"1240123",-1.35363931880073,-0.833451111013598,-1.13635490675622,-1.26505417177038,-0.86718625422584,-0.231315939272092,-0.576100831152421,-0.88890323724299,-1.51235722015587,-0.440188234494634,-0.0959598479646046
"1290769",1.694321436578,0.213694172681776,-0.0499216456117788,1.655794503682,-0.58070720745202,0.748929585990577,0.944999529745281,-0.691628264024538,1.94586728978404,0.291349701340232,1.40944178682409
"1240124",1.47151241776441,-0.535065213060317,0.483469699116143,0.582073085860007,0.794126267678638,1.0736127877431,0.27548384451726,0.61434314735341,-0.101690865059337,-1.32061716957721,2.3255762998792
"905961",-0.148621666310344,-0.204488433891863,0.098509666629775,0.0309308824584767,-0.0875954199142601,-1.73713579690834,-1.31617377037903,-0.13625211262255,-1.3028360740558,-0.815843425791268,0.061919488448913
"910569",-2.76873682067212,0.19254553432019,-1.27908822199036,-1.76863326738581,-1.7262800489961,-1.68544417073897,-1.65910517510845,-1.51593831791801,-0.156419402284794,-1.35440205992471,-1.86688823935212
"910689",0.0486731082961191,-0.235360918244489,-0.320166509687202,-0.422216683065572,-0.847071510349034,0.383064632856407,-0.0583033590208224,-0.434251781192195,0.282306324309378,0.17837895630692,3.08783170107383
"910554",-0.986534942745692,-0.105783126973176,-0.41047304306017,-0.169910102321689,1.6800891234377,0.481818825922839,-0.535125259844114,0.313959729215129,-0.962435031752874,-0.267455511319558,-0.0383602482031154
"1789883",-0.117736088905299,1.49790907082368,0.848932753861309,-0.72339986454333,1.70468119984038,1.3907835850186,1.69180774719874,1.41175567643096,0.980421344014512,1.57328828232037,0.702598970364018
"907291",-1.45557526733882,-0.510504170595059,-0.831928265459539,-0.963099440656238,-1.54414150871819,-1.67999172853065,-0.0679173445807432,-1.11989744429626,0.0601409676526201,0.276267859361492,0.799791330302537
"905971",-0.386437973816899,-0.870032673692811,0.643630760358499,-0.416006207994586,-0.298181279084784,0.032442084909492,-0.124129285775523,-0.0651689123252328,-0.303645643698815,-0.256988903657781,-0.296858396545794
"1290907",0.431020379335359,-0.155827369606402,0.524951009232331,0.203548045217776,0.581964178258032,-0.04697638143819,-1.21513458941598,0.71805995800675,0.653952249151353,1.00319613818112,-0.561042576998405
"905936",1.67945830553504,0.612200809796099,-0.742684085531992,1.75932130479289,-1.08391004294096,0.968578218622271,-0.217890741138343,-0.839361918528284,-0.388405327431474,1.27063468979891,0.856417499403552
"905937",-0.498162197662344,0.379616495283066,-0.358634368834616,-1.3100948011254,-1.13608743528806,-1.27052389422463,-0.140238703494161,-0.801142830921351,0.06776894793563,0.0272156725091526,-0.566389306377904
"907289",0.565623453798479,-0.472148450724144,-0.398028634630755,0.44112209622434,1.13061268752385,-0.19017025012714,-0.336430159077273,0.467436357423676,0.691245533818716,0.480972562341643,-0.437123708650247
"905939",-0.291753922027744,2.95337886125016,0.0472006346389518,0.14079573357039,-0.556067527465887,0.205088277641838,-1.03527130919571,-0.724710728076569,-1.19366728204321,0.303083384997783,-0.328675951258002
"907287",-1.37408259494451,-1.33800776291426,-0.940889475268315,-0.84755906729082,-0.831243522319623,-0.489947335690407,1.52270137429697,-0.616840129959621,-0.360805948086854,-0.941638204752439,-0.0550038912928211
"905989",0.139468202668206,0.787181179304605,-0.989321891968795,0.95911875583875,-0.917136144043773,0.928857742322694,-0.447413857982112,-1.04976765942168,-0.468563766274686,-0.842952430669786,-0.937836694591058
"907790",1.04315393251622,-0.123099452256244,-0.744528065790857,-0.300383494437508,0.308486636483806,-0.2962180068773,0.361123449949055,-0.19912705940402,0.167816409353569,0.575622756344224,0.25694369718654
"917486",0.270310958248993,-1.44512154289392,1.19827005821048,0.216361122229466,0.101235046587096,-0.170885128300057,0.614765785820255,-0.168048922483395,0.512725414997956,-0.333566574312004,-0.391803633522766
"907792",0.00581521888836279,0.190301498808911,2.34681090379715,0.182982876533225,-0.437263925095186,-0.923726060642494,-0.551150662859975,0.253859958849279,0.609504693340742,0.13624280932732,-1.1338446435941
"998189",-0.227384333251391,-0.368400312673495,-0.644111636508584,0.0977171959998848,-0.287024974037926,-1.03554992192451,0.579997704316037,-0.596876141596431,-0.932473691712767,0.110360834937983,0.676923130734183
"907794",0.408028037161621,-0.397144972104222,-0.771344601161432,0.453536450304985,-0.56089086343186,-0.937108328127005,-0.147847996301978,-0.213592100861078,-0.159044698088838,0.182453538435568,-0.184431145741397
"907795",0.44541000676159,-1.49670365286531,-0.552513821030794,0.0188481419387175,-0.241044428324879,0.389321071603582,-1.06102672640201,-0.028532714005041,-0.0961001129714886,0.771643415537551,2.51800123100271
"1240173",0.374101883780009,-0.00206154902418322,-0.506732250415703,1.39482883564425,1.22845055803877,1.06552780296504,1.34459349623095,1.38604070190969,0.843644267340842,2.68280730155525,1.85017705302912
"908442",-0.117736088905299,1.49790907082368,0.848932753861309,-0.72339986454333,1.70468119984038,1.3907835850186,1.69180774719874,1.41175567643096,0.980421344014512,1.57328828232037,0.702598970364018
"908482",-0.641581840098727,-1.65306138359638,-0.842559863050546,-0.554426937702355,-0.331315738624309,1.16689429897807,0.460221474631758,-0.194187752817965,-0.559389963904084,-1.96776276355319,-1.6089299485737
"908458",-0.421137109816705,1.97478395497446,-1.28507874751839,0.414916731664493,-1.29032380512327,2.27008597887722,-0.133207027881231,-1.6321079974562,-2.07051741957093,-1.22799507670552,-1.02653396240944
"908457",-0.396266092963084,-0.34054055749042,1.20174607175659,-0.573089425804505,-0.148484130532951,-0.727609744154538,0.433414388524975,0.656711330321531,-0.434657691192296,-0.506745407832016,-1.04004736361546
"909263",1.45396293719044,-0.0988509534669517,1.2416105978044,1.72795982941286,0.118821662385707,-1.03184668196871,-0.433318308245705,0.123347865418696,1.40306003194832,-0.986048574055686,-0.326768103218405
"909698",1.58156353278641,0.420881532876034,-0.643988427821798,2.2546198805527,-0.382540017960606,0.0181470920575576,-1.2011901847308,-0.388936075784044,-0.029416700267584,0.872722556555123,0.163697400791875
"909718",-0.51894328980907,0.101584123002101,0.285036214370978,-0.565761725307382,0.213474878644296,1.17911130615953,-0.938188913395217,0.0372519239481056,-2.76850248839264,-0.267534957892022,-0.559582789712435
"1659823",-0.865425315575603,-0.482636647004182,-1.0657791960414,-0.648919890269777,0.0237330223760467,0.122595729459412,0.256214055421943,-0.588080226769369,0.124211593827817,-1.46174266427766,-0.483946042800851
"1659928",-1.51830845757736,2.39689479842618,-0.788107690737542,-1.30217581006469,-1.12983437673625,0.120844874901663,-2.69064120025822,-1.28857597200615,-0.0663339884510876,-0.919351462544979,-0.466201969003664
"1660034",-0.267706204607158,-1.26730329357914,0.221623930998568,-0.714279458316926,0.454775279866066,1.17595907298208,0.726509315239791,0.451996375847087,-0.517018502421863,-0.484727358062809,0.615057258942419
"1660035",-0.0216305405161046,-1.42894698845365,1.0707950482768,-0.204060895422682,0.58536102640601,0.252036897329038,0.546302455484825,0.26225619113163,0.600728471567468,-0.570237068722538,-0.467319772679573
"1660036",0.011418255562554,-0.626442422462142,0.241384590035351,-0.25442544323264,0.0678359679014413,1.62709850808322,0.372755890544415,-0.412480037311628,-0.0584753116112487,-0.622213609230293,-0.695887005911671
"910905",-1.19777839987512,1.88073072123855,-0.908604578059611,-1.2942739798956,1.37430649240895,-0.984884408168868,0.459081095832616,0.741993633912314,-0.352884231602182,-0.117305529436012,0.070811073132147
"909740",0.615135902690574,-0.493627881573314,0.317936213900007,0.452482966505621,0.564623822645128,1.39047996583348,-0.127318333681817,0.348353497376615,-2.37224333974868,0.323000685107582,0.53751978693097
"1674021",1.09392710426429,0.0433247416629774,-0.143885153669482,1.41281066467952,0.832895064328231,1.36441014835489,1.01883810883465,1.66119635642995,-0.17024751155408,1.48311519149802,0.311679184531269
"909746",1.24814560924337,-0.0700575270296183,0.991788420210588,0.321889129375887,1.16150363686112,-1.03654090720284,0.962200689001865,1.44572100599179,1.83323004982982,-1.1806678210979,0.0237970162395682
"909747",1.74682140559974,0.218554901770401,1.3905679424494,2.05641718509557,0.583572458566075,-0.4159739030502,1.62432073206334,0.973679385683218,2.11549956317566,0.169086231640542,-0.170565786226506
"909748",-0.61235196468412,1.47295324702815,-0.597626156999212,-0.389979802222655,-1.01692215266886,-1.58114401219975,-2.23587153154237,-0.831383085229738,1.1062051486049,-0.265381867470004,-0.0470434699518057
"909751",1.55384028588207,0.790952700690675,-0.765006893830975,1.22851662377569,-0.729193738741497,-0.472154831177439,0.144229832451728,-0.25507555578682,0.424396127455295,2.06626343394974,1.02474966614945
"905962",1.08461200301942,-0.667157002317021,-1.10454894284606,1.15058018630039,-1.0800669763481,-0.16720767516886,-0.485324315504924,-0.796418515856842,-0.349863383348873,1.90979178613203,-0.9659201808468
"909755",-0.501714292934705,-0.155538009542738,2.44538049462438,-0.852210743723035,0.731947184426374,-1.09534365212577,1.7314320368745,0.162730356724095,0.732450602329447,0.00641162495460227,-0.847594282805276
"909757",-0.866293438066739,-0.609583691426939,-1.03299378461299,-0.407728604323377,-0.693298578040644,-0.961650573093434,-0.826317732399803,-0.952882846749274,-0.330837827993437,-1.09833819108089,-0.449150969485217
"909761",0.271631756235271,-0.555474093558546,2.558473474174,0.315864259783586,0.0639470138985151,0.0809644518845392,0.0648274169841085,0.11832532804854,0.58052042192541,-0.31694485313975,-0.24320717496855
