"","EGFR","Hypoxia","JAK.STAT","MAPK","NFkB","PI3K","TGFb","TNFa","Trail","VEGF","p53"
"687561",-0.397367742893609,1.17627305242359,0.331390963293406,-0.903265126059071,-0.224766366585802,-0.638909044604297,0.958294673415934,0.119861650002488,1.47724884015207,2.54244002373438,-0.893330058862061
"687562",0.39748630011612,0.122682843894591,2.11496698719534,-0.30678443825723,-0.394330995563907,-0.483411631774492,-0.408919935095846,0.114713854554737,1.83703840081987,0.114290828675775,-0.769516782567208
"687563",0.0434539064011256,-0.537417548613604,0.164909536160294,-0.377582272129403,-0.236960669104346,-0.221456998868195,-0.615869594989822,-0.133489404650317,0.955182904006164,-0.0973584583498251,0.771636199700657
"910933",2.28595252926573,-0.704100111625389,-0.374633117111664,1.21545408260679,1.02991689983692,0.277361217957222,-0.923538653648141,0.508715992642108,0.359115393123769,1.41293945685803,1.36641884905242
"906746",-1.15162078200193,0.704374248593973,1.11892427553042,-1.05361470776053,1.09731727643972,-1.14249377047625,0.805185992520425,1.20960542561323,-0.373734073135363,0.00127439162240315,-0.0470897661467491
"910943",0.294282010416325,1.44540684027487,-0.210109343512532,-0.552979662055447,-0.259459836659985,0.283527074767282,1.71411827926106,0.578951216711206,0.813602596115121,0.274495822720011,-0.935209900352237
"906823",-0.121374963430528,0.255902839678208,1.02626326718825,-1.05320603638141,-0.0562280832729199,1.27141768454395,0.654962325477658,0.132343738987135,0.655925067489453,0.576406273308008,1.0433841005342
"946367",1.22823386931973,-0.266551468613672,-0.0773918676637322,1.37642833639451,-0.433551320045924,1.43749286305713,1.76197683668423,0.0542974744558072,1.33692155955732,1.03578636877822,0.386999613281256
"946368",-0.236197752089596,0.754150408861452,-0.0931510640820258,-0.715498508344852,0.0955700180854529,0.860502708651829,0.128665908450714,-0.127144063285953,-0.69765876128497,0.83481467937336,-0.594432708286288
"946369",-1.26384732764634,0.657099806218666,0.0609865777507671,-2.07624950921275,-0.383714223945928,-0.0377762630414363,1.25253558903728,-0.307029250994444,1.02943246990213,-0.994551772634453,-0.78765249728061
"946370",0.262562236193074,0.543862607488505,-0.37331996270449,-0.748799774094346,-0.392993461440414,2.53839798633283,2.04433089155041,-0.0975253187671494,1.08615969570604,-1.34634325508177,0.719153700717241
"946372",-0.0955919854455134,1.66666722712659,2.2610181524801,-0.423039444564276,3.17228032204349,1.22299512300901,0.545499830211925,2.22584807097301,0.528256029189909,-0.489776556385079,-0.590770996127663
"946373",-0.263042182223822,-0.515130500781456,0.42386786322429,-0.483086428549563,-0.511595057201856,-2.10417926186112,0.622512910398667,-0.2345707882729,0.295395878688921,-0.123959768528767,1.23198988475372
"753549",0.10166364728848,2.55727958709959,-0.0327881870944832,0.441563514612373,-0.0623330049871815,0.108627324814139,0.778903166248735,0.282647649898157,2.09714448567496,0.644298910473352,-0.62122519033921
"946377",0.220249309173112,0.337626679797003,0.23531840200464,-0.159180177056311,0.859598180926277,1.90931958955204,1.62123285524554,0.82169388379245,-0.121167547891151,0.277557334002781,-0.856105836297187
"906835",1.26545280135965,0.961065090977205,0.497476175268065,1.40092024323097,-0.5377727868775,0.0414332892323208,0.254854786130685,-0.0405268235328569,0.683976417469091,-0.986070181990021,1.69476609412769
"906839",0.407707882169011,-0.0796066603814988,-0.0903527589250964,0.231364963993883,-0.499696200085784,0.633428844275775,0.734449118803969,-0.021487621270654,0.152746183282148,-0.249354738404716,1.05055205230841
"906868",0.303602168441426,0.755992635689123,0.72525582835364,0.291300643199979,2.47182780636825,-1.78576670402446,0.0482315344861465,2.55203800351225,0.740303590710832,1.84548529181777,-1.05875510314946
"687568",-0.171514578512941,-0.19894872824428,0.965668511269276,0.338198346354386,0.463868711716843,0.192603201553342,1.37003885895914,0.877812699775192,0.646944263618592,-1.00794852251105,-0.264041915397443
"906871",-0.623141473743219,0.0490232399984625,-0.220341968293433,-0.626864391950653,0.53150866722775,-0.838021557525549,-0.785791889080095,0.273786886736062,1.19385219378563,-0.0225980543613335,-0.827618890045119
"906873",-0.0449241095611928,1.2731656909864,1.41630055589342,0.253545382874034,1.24233443311055,-0.386702109649959,0.455865516462758,1.46420714528749,1.29747476134163,0.176073941673826,-0.586396702660958
"907042",-0.0688588036390162,0.798676529210112,1.63049598823119,-0.591065937114054,2.8318237592819,-0.659946637377721,0.283798658452853,1.90440788902762,0.39198983423028,0.393157609239553,0.643295929368938
"1240150",1.27542691984299,0.0557326977695331,0.404684400965956,1.00044550321287,2.56564367819631,0.181331133066372,0.116704337545619,2.75577264054628,0.635340485148447,0.825743158037661,-0.739560012698753
"907271",0.77375158325041,0.0673642206085689,2.79600978186082,0.471384726407343,0.35675678980301,1.05621520598107,1.7913733816109,0.303901187431208,0.282997815024462,0.947837220639688,-1.16787553472749
"907279",2.33990735419409,1.43935725421584,-0.292294933041499,2.90604849850232,-0.54061337677336,1.2701212958905,0.955557024366136,-0.525433659641064,1.17633718971495,-1.08863261411206,-0.791413266364478
"907282",-1.50783661748646,-1.13096420950963,-0.0544580457654199,-1.15096328785627,-0.32821168737094,-0.196303464414978,-0.54891406783067,-0.0965152844027882,-0.350685175400715,0.25719396501262,-0.368867231760424
"924188",-0.49483405217197,-0.191643076230465,-0.0242310238297467,-0.241006824045735,-0.830290484734865,-0.394026897548947,0.759480518335209,-0.34451305270629,0.139224351557144,0.429814359375361,0.822982842323696
"907313",-0.129752989886739,-0.268955700321747,-0.177819832908909,0.773134547723752,-0.874341857327071,-0.626340205253099,0.183665794636151,-0.253492726120267,0.747216836888525,1.04790102669032,2.1479293618751
"1240168",0.484447119068347,1.43136850801721,0.295320086675282,-0.155011189466874,-0.226852280308434,0.542402271727619,-1.21220341903761,-0.190453988600408,-0.104413703908236,0.416192235667473,-0.186963671806204
"1240169",1.51618397211645,-0.185374238702697,-0.396164891410498,2.84252555560005,-0.28255976044392,1.30918578695065,0.47928687788109,-0.0227089820273705,-0.251314291122908,0.601570016308884,-0.284963962375155
"910694",0.247060163425163,0.428148943519475,2.45992160274723,0.0269977866680189,0.800407845786154,0.204299490479958,1.23454122553434,0.838645429187339,0.49973123831289,0.350580521214626,-0.946984050744752
"1240170",-0.880194408045228,-0.0682143155429015,0.0706272707142408,-1.19898527523492,0.0563645141082944,1.01324390332731,1.40784425487842,-0.0892845403911601,-0.0168110137537887,0.0151345635872144,-0.532192573743208
"949094",0.327510016321601,0.939316129585061,1.81585366069351,0.147275598153043,0.432848349093186,1.8960567401393,1.52419252563221,0.259482045101715,-0.348524681010749,1.63005503919146,-1.71996187935649
"908144",-0.125376142078915,0.697187369569826,-0.0845483244068396,-0.498300230088275,-0.499479842207651,1.18755380640118,2.0268003188885,0.0643993932199282,1.05728918723731,0.921335765647026,-1.27108103645392
"908145",-0.63287791236162,1.38274681213475,0.952799640864637,-0.919875593412724,-0.371655015318272,0.569949296430335,0.560441979631257,-0.343487107415124,1.48680506663122,-0.7463184364694,-0.76325798783656
"908449",1.46625254574411,0.540866435506083,0.486273145514535,1.22358304678641,0.544843295802294,-0.566758123862353,0.430362092319023,0.284818564293976,1.02123861302245,0.407214563130304,1.9929052235748
"908452",-1.43853862294784,0.573032688279698,0.357742383268235,-0.852605422476989,-0.287941273093625,0.400155304492389,0.577594621715501,0.0159020851872038,0.0111803050461293,0.0273847934100276,-0.413350050490263
"908450",-1.46597133501033,0.93622031992634,0.372552801082446,-0.823084043493962,-0.0298138999892823,-1.38857811028402,-1.55800299785745,0.150606789510973,-0.149359674281011,-0.503822752415807,-0.0239044776298827
"909712",0.196967802165365,0.295830752078234,1.02712552152443,0.0450369112827168,0.568793879731214,0.739938689469308,0.630873642144911,0.870770803382927,-0.179375188351247,0.541640520689884,-0.158037184909015
"905986",0.0493768821510715,0.525055295760375,-0.238475586940335,0.201460669048035,-0.0932611940778501,2.0046970695134,-0.487174430136119,0.0310339166314564,0.0355253583507366,-0.0216949922398653,-1.36195731497372
"905985",0.975381703112592,-0.0798060962139123,0.841622986323779,0.449187348369933,1.74309004276832,-0.00479701564355842,1.04283124983182,1.79098069557419,0.742985532797331,0.53263476703765,-0.0341801957535642
"905984",-1.02287957162007,1.61991600619796,2.06986226162138,-0.83569695349269,-0.0207997079616228,0.842034110168158,0.520100122232527,0.071211190199245,0.735132783428247,0.123969531029916,-1.20422949035897
"909729",0.72702924330553,1.90879495369493,0.15630877922948,0.836089829331925,0.229231406171823,0.863914077919733,0.162339558620557,0.811675954212787,1.28453955760093,0.562213156691459,-0.980361063259516
"905982",-1.10839921307073,1.57492545488513,0.490522850908094,-0.957203266011706,-0.254964660335721,0.699210437062387,1.12779377272651,0.484638017199121,1.46287557612669,0.992696314472433,-0.438106366967962
"909745",1.97260641169553,0.240763069372785,0.416504746683159,1.28191939491572,0.809720252118315,1.02096108522683,0.287449407762974,1.2308975880239,0.531341117355459,0.925173607401954,-0.768638519193957
"909750",0.466048754530411,1.61017521630487,0.688369841540001,0.0755181342638746,2.30163690713695,-0.0387432806901992,-0.245485578172646,2.31250234525242,0.393861172438442,0.495567166223446,-1.02361700118183
"687586",0.250427983164228,0.262581238901491,0.209921272132577,-0.405610243121374,-0.178428883515391,-1.41061267247832,-0.0131232504915815,0.101057571419779,0.254049755369183,1.29402724604529,-0.437399612327985
"687588",1.42455712535939,0.91365315499505,0.222660567325566,1.36827109236935,-0.0400510352732713,0.929263682438121,-0.956635226028198,0.399310810912279,0.217151019866689,0.709043587225712,0.0481525951491158
"905983",0.615874448909491,1.23370100855919,0.231779760075332,1.18256018378683,-0.370173810663851,-0.207860665563472,0.0441422391436008,-0.0675021583122058,0.800898241145742,-0.792315146099988,-0.753167441214115
"687590",0.0446774975457706,1.51074400887696,0.0077095182665475,-0.538115492746978,1.17595965899688,-1.25652815969502,-1.06167013868018,0.809019467338179,0.476480116985805,0.806238366104329,1.40438742478835
"909905",1.50440155965262,-0.240897086386375,0.258090186228702,1.42437543309211,-0.364939753889281,0.154252981798231,0.775621263523577,0.550017335322605,0.27540291189871,0.498606010190964,-0.352000445812367
"687592",1.59464530089305,-0.167374949240826,-0.269729961536001,2.13428068820341,-0.0543428436809561,-0.513331957001362,0.608619548184628,-0.0558762706321647,0.540093142833571,0.0598614386961388,-0.382683098884192
"906834",0.564323773452431,-0.880796029760779,-1.12515627059955,-0.0935213740704094,-0.564697726133734,-2.23445912067517,-0.297854158268509,-0.847538684422068,-1.37605876212482,-1.68658500395055,1.85300462071404
"906833",-0.19269268460904,-0.385909759148647,0.737651071509785,-0.102318833911943,0.880854745697083,-0.0763278052921294,0.824619517104491,1.38516187663104,0.610837642736988,0.28749758986674,-1.11238460185157
"909248",0.451010044042617,-0.1127512994399,0.00015797108974063,1.14139307747644,0.859244093786261,-1.14856363788104,0.120540969497729,1.13105424034798,-1.00469003436517,-0.442161871025665,3.44351437243789
"683667",0.858464774956401,-1.00205170295015,-0.443345613737205,1.46004119828968,-0.595869127987279,-0.110591390188375,-0.815059128850037,-0.444651245825124,-0.699577879016777,1.15419060225524,-0.297158287456267
"753616",-1.05870097320041,-1.00957128021209,-1.23921005885506,-0.235241696434051,-0.720668282391126,-2.03123884554683,-0.981840779762412,-0.997894945970302,-1.15683235633826,-1.12372646786391,-0.665860202659059
"910567",-1.85665398339486,-1.04034183837201,-1.29218747303111,-1.35394360339515,-0.960670445950688,0.250807215142212,-1.98798979411128,-1.25675519238585,-1.43123602691409,-0.832975954340986,-0.106503823512685
"910941",-1.42698929581943,0.0828795670775503,-1.44635825320737,-1.56477217610992,-0.814509423663384,-1.40119120971843,-0.82711388904436,-1.34923113677455,-2.08428570272253,-0.958443282530499,-0.288483459844873
"906820",-0.171530617488131,-1.48063237331022,-0.669981716361029,0.76769569196356,-0.93815181747253,0.0307003367645387,-0.0862784085936339,-0.892286993613324,-0.761037549778696,1.78129914212554,0.0796142221695668
"906872",0.387189596796405,2.22002738923843,-0.600640765670593,-0.168666129542686,-0.551702392133462,-0.392346661510034,-0.00564291199145388,-0.419084407636004,-1.01484470097979,0.103005878659975,0.806045263610279
"906875",-0.321630427794724,-1.46270150250908,-1.12317159641124,0.348068198169381,-1.00995931340995,0.0718891374071934,-0.0118678384560226,-1.13616583989195,-1.55866887210587,-1.35908391053028,0.957421676612541
"907170",-1.28613530897387,-1.32739292115703,-1.23604823149103,-0.907795845766804,-0.810173340246875,-1.56553142741966,-1.71945743009792,-1.20354841047182,-1.97348208681911,-0.422371998732349,-0.334064898233098
"753618",-1.44187686620471,-1.10276983231517,-1.24737806001215,-1.08997048446966,-0.997197505990252,0.319565023671727,-1.53252015064402,-1.25744422358756,-0.89688768415012,-2.22338408965236,-0.575698840066991
"924189",1.26387056561213,-0.0311746517009068,1.31606130539482,-0.267954204837327,2.0496199524411,-0.249945937016363,-0.0899921828762105,1.44723526622115,0.17323357095836,0.519117118765317,1.57782612789358
"907314",-0.648245740339945,-1.00099403550567,-1.3119648487892,0.192237743636821,-0.850389219493958,1.3997792929143,-0.407196956339228,-1.11200993152126,-2.56003148102642,-1.02985742206936,0.195883898083488
"946363",1.26387056561213,-0.0311746517009068,1.31606130539482,-0.267954204837327,2.0496199524411,-0.249945937016363,-0.0899921828762105,1.44723526622115,0.17323357095836,0.519117118765317,1.57782612789358
"949170",-0.2801311749564,-1.16634459458291,-0.874186464370999,-0.365295417802496,-0.589848726059838,-0.15646947303584,-2.62773980068164,-1.2397912394789,0.57502134922749,0.07203494222324,0.222854376629083
"908118",1.26387056561213,-0.0311746517009068,1.31606130539482,-0.267954204837327,2.0496199524411,-0.249945937016363,-0.0899921828762105,1.44723526622115,0.17323357095836,0.519117118765317,1.57782612789358
"908135",-0.0532382227564756,-0.775650711144049,-1.39862030968449,0.655247438515876,-0.860575488593637,0.609656820628911,-1.32527579349778,-1.18545794482243,-0.411487453178229,-0.968561345826777,0.0528762552873009
"1240181",0.59873175887055,-0.751892272659771,-1.35315297073646,1.3874579158577,-1.08562904291538,1.60210182104911,-1.19630512343158,-1.44810866772468,-0.819187068343005,-0.707974643704562,1.20675678330247
"949179",0.386189794935322,-0.926140018313121,-0.830251396065904,0.504120222303447,-0.691197587084017,-0.321773380983533,-1.61553781958745,-1.0137064496029,-0.135079669102764,-1.27592825703461,0.724315677983614
"949171",0.0481141657632982,-0.993097406969682,-1.20359889257203,-0.29777767393681,-0.764692865153824,-0.322133267011336,-0.681856441153689,-1.03047450436113,-1.03397052779103,0.230784869147911,1.38215805530195
"949172",-1.82452834083374,-0.972807557449417,-0.592654247435206,-1.74261551799109,-0.614494351463583,-1.32150977519268,0.301614920117522,-0.982397896681477,-1.32734645827092,-0.0127691799418946,1.63026516446839
"949177",-1.71266442862033,-1.09273270538181,-1.19765994807952,-1.2178384079751,-1.02102480744278,-0.115470275342648,-0.993372266426002,-1.23750136967151,-1.22907045743544,-1.58869252222512,-1.58382580963669
"949178",-0.296646261402577,-0.814521168025678,-1.20868329274703,-0.175432291788293,-0.723957176614886,0.602957411994168,-1.1019516578991,-1.10325236756878,-0.189879288486928,-1.78390224738739,-0.821572791824742
"949175",-1.42890772054692,-1.17778336510466,-1.19063250963852,-0.939418445198193,-0.774634680195213,-0.213075091271438,-0.4773044325391,-1.06444995615154,-0.871111470542245,-1.68943244681429,0.332199134775177
"949176",0.59602267902208,-1.52682472134486,-0.0464488905714709,0.98060145247026,-0.800246447408677,0.445401832763401,-0.911214637134517,-1.06053070572684,-0.765490774654074,-0.0267166148308039,0.247164573474995
"949173",-1.82318457461899,-1.0777128001541,-1.39231797588285,-0.920203633795806,-1.22098015605099,0.608900920389197,-0.483369692533326,-1.34753848538182,-2.19724991065381,-1.71758147989778,-0.618588294750162
"908440",-1.09816023626726,-1.19486873542202,-0.745710280131651,-0.83454924641162,-0.607930522842603,-0.896655107075443,0.765799223669238,-0.650200413875014,-1.34047899359525,0.821417736990365,-0.267721547093686
"949174",-1.36189527096947,-1.35423769869235,-1.2238769175352,-1.53420832180918,-0.822100971365025,-1.80404185097879,-0.681536223138393,-1.02085047018619,-2.15122445838493,1.3271697167762,-0.0621006548571258
"908447",0.0566307478380381,-0.911598004045913,-0.926241929294739,0.717895658435499,-0.540076265033104,-0.259999878386489,-0.25746631392257,-0.95895358134324,-1.46780749991077,-0.398630527028574,0.758520757835561
"753620",-0.281403771263587,-1.36260046887146,-1.36520391495456,-0.0276290558724016,-0.622656419379239,-0.80820583827015,-1.21119630830102,-0.963614629913806,-1.09994295039958,0.0795455681686533,0.78011316339727
"724828",1.36212311339146,-1.2146764539872,-0.175865750815425,1.54242430816886,0.399630131891661,-1.15869597351604,-0.642428022887576,-0.0661918306643423,0.916631130456119,1.37614824543441,-0.853805223204814
"688086",-1.87178185066526,-0.961723700955104,-1.18439764364964,-1.92530080459792,-1.14604428004155,-1.35987603569142,-0.328518086928937,-1.21258757748589,-0.0453925731885506,-2.38652289736539,-0.689763484115518
"688087",-0.0821170606602178,-1.02286251478252,-0.601769682028641,0.655044372034832,-0.795734213225376,-0.476787953680424,-2.16240530134131,-0.989354927938421,0.348092339412854,-0.489661221197432,-0.261823517538241
"717431",0.197516540970116,-0.82589005179794,-0.675467373687303,0.0790447058195163,-0.437154806102863,-0.761783461336572,0.154866521198518,-0.390358556900372,0.127993055647431,-0.145598882135044,1.02988584125017
"910780",-0.597852356213165,-0.891251653517233,-1.35910496159912,0.577893366243468,-1.09484074886545,0.985456713737848,-0.992909543291243,-1.28252369895669,-1.28928736958168,-2.59778800427382,-1.2843708375877
