"","EGFR","Hypoxia","JAK.STAT","MAPK","NFkB","PI3K","TGFb","TNFa","Trail","VEGF","p53"
"1240149",1.50569915828565,0.6631169734311,-0.137341188269122,1.44067072716636,0.898244517061815,0.913653174861846,1.89206935643548,0.931998480986182,0.878002875002319,0.279494031083158,1.30611521046145
"907064",0.823877748166393,1.52524846167808,-0.193456163666879,0.579080695965932,0.168692000204287,-0.49807613693405,0.637389778894825,0.0449017752707579,0.903944099732061,0.562540538112625,2.14681763609512
"909754",1.23977210519915,0.570654615281633,0.609815607629475,0.779476266849547,0.0887749611161691,0.345066961102303,0.533554815451493,0.248501455816811,-0.687248496961817,1.33368804165015,-1.73159792483109
"910784",-1.40368983478324,0.134437181183472,0.181470591418589,-0.964556949852075,-0.905612990361616,-0.90669275158158,-0.638709413331977,-0.298168223109316,1.15919516025574,-0.457016397397633,0.769575869673073
"684052",0.149392699918511,-0.933441895053869,-0.790399900848791,0.0689423048611178,-0.7303499078225,0.42351652592192,-0.531328059803851,-1.00257296415799,-1.16260725908108,-1.04966405751354,-0.957884057470039
"1240166",-1.23006443021591,-0.406866330589557,-0.53660910900933,-1.66418520968456,-0.677697687899347,-1.98769057787086,-2.1682328692089,-1.05204574932547,-1.810045062821,-1.89708585170012,0.486215711991601
"909264",1.06435957519604,-0.773687749605697,0.329841582117326,1.0329805278899,-0.308090346107818,0.651558403608352,0.746871499409959,-0.59178473100161,0.928837994026559,-0.877061103477109,-0.519845342636064
"971773",-1.59489888076462,-0.267805779480132,-0.0870104515265911,-1.16355305776412,-0.409078841204257,0.303250221999058,-1.26996899039082,-1.02728817355073,1.75294579601017,-0.336742826247792,0.1686380838826
"971774",-0.257247968415189,-1.64122010495242,-1.005729953526,-0.929014455224393,-0.868526573228423,1.16120149398186,0.328241151450795,-0.99730812924139,-0.224761208828892,0.595629305210816,0.369344362437732
"1240210",-1.00807888462248,-1.19170835320054,-1.26680548936379,0.193494289121408,-0.835951556358891,0.83225160631058,1.15816615507725,-0.867010958690047,-0.983733222492796,-1.64893393334703,-0.980371355581064
"909716",-0.48546403314969,-0.862856616504721,-1.25115798901451,0.0133486922314418,-0.588154127834452,1.26206722497264,0.733596016769519,-0.509173919181547,-0.385473169043509,-0.530263565310642,-0.240553346733585
"924248",1.62242488560818,1.56887524901674,-1.10262546457045,1.6650040404616,-0.688851107809553,0.813758060828484,-0.103609757792428,-0.839285948363474,0.418061493503789,2.38165457161585,0.327759580582422
"907298",-0.851574735158244,-0.96963453672417,-0.886808581624194,-1.58524815661759,-0.729686457401056,0.696068196511374,0.886484097540413,-0.590504917280652,-1.93599213243563,-0.23396770326402,1.10013010786809
"906999",0.451985400820489,0.595357696419447,1.68539029916054,0.321774513432595,3.21332325670493,-2.02360120118895,-1.14504027077539,2.78907077481772,0.128061039308518,0.69395333989883,-0.976264097725146
"925343",-0.00980369247343544,0.183988606102788,1.93521405901383,-0.199406747722988,-0.2628552556989,0.358445864533867,-0.117784445616922,0.183959516648065,-0.591347595036936,-0.0808427529813374,0.416378556797248
"909720",0.83648602173548,0.130945118805298,-0.23998753970533,1.34345860639151,0.198262627517882,-0.504252836999771,-0.541035374277468,0.783968184481025,0.799894016975224,0.592336682716671,-1.35852729759946
"909732",-0.50421157630073,-0.450974783536254,1.33940763287718,-0.966004676347054,1.02548618886739,0.102748493622423,0.02386883610115,0.926211642222164,0.745288708877796,0.0970043976422123,-0.341282235896472
"909756",-0.31721931567197,1.49966889543605,0.341787564570601,-0.100643611652012,-0.347963233186517,-0.968417201868218,0.488463962478453,-0.096604971576431,-0.480884025286163,0.761994077188472,-1.16581320314902
"909759",0.82072846760283,1.51074967357703,1.58490938978211,0.687500485731376,1.12526033318789,0.420148834784692,0.570510720785892,1.28241655976778,0.280734848456656,0.40967242524526,0.481990023522394
"688121",-0.852472710977198,-0.884846321284273,-0.509904895444677,-0.553118285237998,0.634774200252961,-1.39500435659598,-1.4835072091975,0.68072029546815,0.267126139838994,-0.596389219124814,0.699173718310229
