"","1240149","907064","909754","910784","684052","1240166","909264","971773","971774","1240210","909716","924248","907298","906999","925343","909720","909732","909756","909759","688121"
"Erlotinib",NA,NA,4.2608045619224,NA,NA,NA,NA,2.63017462553033,NA,NA,NA,2.75119859500555,NA,NA,3.34840101927141,3.03466596836746,NA,2.52813231599399,NA,3.16041318603007
"Rapamycin",NA,NA,-0.108535953160779,NA,NA,-6.92872869536888,NA,-0.351337443212354,NA,NA,NA,-1.22768265808821,NA,NA,NA,-6.0145222702651,NA,-7.2893735261196,NA,-6.90963367485881
"Sunitinib",NA,NA,5.96760927554201,NA,NA,NA,NA,3.68791992592229,NA,NA,NA,3.58529442522647,NA,NA,3.59006609351478,1.46464837500747,2.86153527721375,1.60175043129601,1.20508292634616,2.35530783101851
"PHA-665752",NA,NA,4.4821907636818,NA,NA,1.03630598380673,NA,2.64186974236614,NA,NA,NA,0.637527224491272,NA,NA,3.58864677025359,-0.53976583080067,2.93958486885035,2.39259846372379,3.22609901388194,1.85721638910231
"MG-132",NA,NA,-0.450228264864157,NA,NA,NA,NA,0.565545995735551,NA,NA,NA,1.74264313110337,NA,NA,-1.61341009400948,-1.67740681836111,-2.7740131427004,-1.3541262385736,NA,-1.24347950715382
"Paclitaxel",NA,NA,1.44960819580543,NA,NA,NA,NA,-3.3664816512764,NA,NA,NA,-1.47278093976811,NA,NA,-5.90172678046239,-5.36308735838003,-5.60415849684558,-3.06109201350098,-4.76309874392095,-5.82062988965083
"Cyclopamine",NA,NA,6.65695234515579,NA,NA,NA,NA,4.7473296967825,NA,NA,NA,4.82747462430718,NA,NA,4.86698792779668,4.82493927829569,4.06027665932804,4.76538142274259,NA,5.21517541964705
"AZ628",NA,NA,5.24088000905919,NA,NA,1.11447752502198,NA,3.00281189705778,NA,NA,NA,0.777002419004039,NA,NA,1.14379854018975,3.68793608268074,1.37609377544983,-2.16499186493901,NA,3.2423116875339
"Sorafenib",NA,NA,5.27446209498206,NA,NA,2.1989652736543,NA,2.42888374093032,NA,NA,NA,1.60438113415242,NA,NA,0.896302949493438,1.54670827142486,0.808191720148328,1.50107207705468,NA,1.43204020033116
"VX-680",NA,NA,4.52150048442875,NA,NA,NA,NA,0.375026172736168,NA,NA,NA,1.97175003547289,NA,NA,-4.92832633658843,-0.115391714970212,-2.48597829358632,0.933927698764383,-2.21327242404385,-1.56658753212895
"Imatinib",NA,NA,2.48816718558876,NA,NA,2.52319427031303,NA,2.66740173340889,NA,NA,NA,1.62891769550244,NA,NA,3.48891467823993,2.97930964751048,2.96952492050405,2.21663233435608,3.20919652624664,3.04502038254318
"NVP-TAE684",NA,NA,3.09629181847056,NA,NA,0.193013818837183,NA,1.55918893718683,NA,NA,NA,2.69973979868209,NA,NA,-1.29529247838072,0.104872571033233,0.423521925601953,-0.576623468225142,-1.85023216642644,0.493488601913125
"Crizotinib",NA,NA,4.53524578392693,NA,NA,1.88362403075916,NA,2.6055813479771,NA,NA,NA,2.33383561827939,NA,NA,1.41623605406932,0.0838498220861904,1.91658748050328,2.16646703480033,2.07990385998742,2.12386431695896
"AZD-0530",NA,NA,2.26252753964353,NA,NA,2.71874589962076,NA,2.66000972502534,NA,NA,NA,2.70704732064926,NA,NA,0.483213957011675,3.04184357748282,1.93208577981738,0.376956371707311,0.607593535883135,1.96898905722167
"S-Trityl-L-cysteine",NA,NA,3.74517372248326,NA,NA,NA,NA,1.58019534206827,NA,NA,NA,1.33000766522489,NA,NA,-0.751748540487873,0.875989617717723,-0.459518103481294,-0.0699589346973151,-0.00345773078300532,-0.120431812697093
"Z-LLNle-CHO",NA,NA,4.70538024581805,NA,NA,NA,NA,0.899150870601701,NA,NA,NA,2.02977575613692,NA,NA,0.247229665508384,-0.0380886850289038,-0.0786115629805946,-0.359778025472629,-0.204044378419567,-0.318093241421218
"Dasatinib",NA,NA,-1.09328384678916,NA,NA,NA,NA,1.73820464133884,NA,NA,NA,2.7940630228924,NA,NA,-3.05014332942658,0.71968806127766,0.0207429377038227,-3.05800175668394,-4.27707770992393,-3.18158982617933
"GNF-2",NA,NA,3.38354591477647,NA,NA,NA,NA,2.17566298075679,NA,NA,NA,2.64970397602785,NA,NA,2.98342832358778,2.49993102472825,1.54351630203715,1.46019062844293,2.80103321318598,2.65967271145776
"CGP-60474",NA,NA,2.36616349940736,NA,NA,NA,NA,-1.74570538246889,NA,NA,NA,-3.18528500293964,NA,NA,-3.03463858138972,-2.53634064220277,-2.42487083313414,-3.71023035978014,-3.68822838699533,-3.40103917862295
"CGP-082996",NA,NA,5.41654229146923,NA,NA,NA,NA,3.34153160976208,NA,NA,NA,3.90164320114453,NA,NA,2.92986492988578,3.06866134577995,2.803851539,2.52657070584635,2.31067719504556,3.79250895670729
"A-770041",NA,NA,2.5786227264519,NA,NA,NA,NA,3.13912074771254,NA,NA,NA,1.6284905438869,NA,NA,-0.0297420435511091,1.61086817305917,2.23850896008472,-0.785072484803402,-1.12572220020367,2.33969358635376
"WH-4-023",NA,NA,-1.82992387196954,NA,NA,NA,NA,3.60412943414176,NA,NA,NA,3.75634839071683,NA,NA,-1.91647186955316,3.38158889254808,2.03106079553146,-0.209304135710203,-0.359847272586883,-0.820353401940236
"WZ-1-84",NA,NA,2.8057338758591,NA,NA,NA,NA,3.99683165259928,NA,NA,NA,3.87101567215437,NA,NA,2.34752967553218,4.27198897038648,4.58637943851078,4.36041892096661,2.72027981122444,4.74200860799273
"BI-2536",NA,NA,-0.785827687131576,NA,NA,NA,NA,-1.71668438448687,NA,NA,NA,-1.07133428430597,NA,NA,-3.47372090627111,-3.12487799135533,-3.17730463869269,-1.25426725097411,-3.10988929674346,-3.12185638805313
"BMS-536924",NA,NA,4.61663077224264,NA,NA,NA,NA,2.85982041297959,NA,NA,NA,4.17726855812524,NA,NA,-1.08529499021628,1.1948398104588,2.4685913753852,0.749304497155181,-0.276495674685005,2.5429928092655
"BMS-509744",NA,NA,4.08392496470385,NA,NA,NA,NA,3.23522429161765,NA,NA,NA,4.05547660293815,NA,NA,1.23363477762023,2.46431534113747,3.89878487120058,2.39471695106037,1.25514271140081,3.06521415640701
"CMK",NA,NA,2.85568499815951,NA,NA,NA,NA,3.3578993391976,NA,NA,NA,0.871565059184903,NA,NA,2.19873886781035,0.350663702469345,1.09650425486107,2.17318519911412,0.434877257293483,0.669258408033865
"Pyrimethamine",NA,NA,5.34539447949233,NA,NA,4.88555876704617,NA,3.89138643990709,NA,NA,NA,3.88459478289719,NA,NA,5.2173272472048,4.41959229235362,4.68826283398302,3.26576395775871,NA,2.54512064215852
"JW-7-52-1",NA,NA,1.7496204697778,NA,NA,NA,NA,-1.40040947175276,NA,NA,NA,-0.361672459567554,NA,NA,-3.61077120734314,-4.18435421584459,-3.70125417455118,-4.18651579664581,-3.88577310228343,NA
"A-443654",NA,NA,2.33096109432944,NA,NA,NA,NA,1.84399772934892,NA,NA,NA,0.0906577827338562,NA,NA,-1.79859304502468,-1.12213807403836,-2.48642048855412,-1.30366773207976,-1.75707001887216,-1.94767766579494
"GW843682X",NA,NA,0.386662756311671,NA,NA,NA,NA,-2.70003694997392,NA,NA,NA,-1.1920605042583,NA,NA,-3.51932653320948,-3.48821780362665,-3.78921666083055,-3.57025369834502,-3.6664653340333,-3.42629294541933
"MS-275",NA,NA,3.50555173817405,NA,NA,3.09149474382242,NA,2.51326788918683,NA,NA,NA,2.86158701925308,NA,NA,1.08905523371283,1.44292392989448,0.644291790091331,0.587123340991048,NA,1.18551393123959
"Parthenolide",NA,NA,4.93372082478884,NA,NA,NA,NA,3.5172705722085,NA,NA,NA,3.28282634812366,NA,NA,2.81045023865919,1.33695126389104,0.0374404846434617,2.55811068844175,NA,1.8564460959253
"KIN001-135",NA,NA,4.91705777899784,NA,NA,NA,NA,3.52890055789605,NA,NA,NA,3.12347064288139,NA,NA,3.50450186283663,3.950417241502,3.8384275445656,3.75125054085924,NA,4.23609094354612
"TGX221",NA,NA,1.83112807755092,NA,NA,NA,NA,4.26953942282149,NA,NA,NA,3.58146347996766,NA,NA,2.77403027594694,2.93816159505465,1.69051452381451,2.31263975145632,NA,4.40654406450335
"Bortezomib",NA,NA,-6.9267316190835,NA,NA,NA,NA,-3.49842038890011,NA,NA,NA,-3.38051297997581,NA,NA,-7.74311140545355,-7.03247208288181,-8.63275459704898,-7.19452141265601,NA,-6.98224140494595
"XMD8-85",NA,NA,5.25783030008517,NA,NA,NA,NA,2.57207738083636,NA,NA,NA,3.41163480015482,NA,NA,2.03047428282067,2.48842146987933,1.62741225849018,1.92002413193795,NA,3.54608004076451
"Roscovitine",NA,NA,5.04753977629062,NA,NA,NA,NA,3.88390646410808,NA,NA,NA,3.70652495093048,NA,NA,3.87658670653247,5.09432798355066,2.04167460592937,4.32110505759626,NA,3.23931427640021
"Salubrinal",NA,NA,6.42123684513377,NA,NA,NA,NA,3.43276793250842,NA,NA,NA,1.98698402367525,NA,NA,3.12357960381833,3.08850790471057,2.65815236174852,3.63354883167676,NA,4.07721977860255
"Lapatinib",NA,NA,4.33503080395065,NA,NA,NA,NA,2.22766239247371,NA,NA,NA,2.08975219611847,NA,NA,2.23335658570894,1.41600699879783,1.51253316262138,2.40626501035502,NA,2.52903986035126
"GSK269962A",NA,NA,0.918607318000837,NA,NA,0.323301857277968,NA,2.21779016988763,NA,NA,NA,2.92214171582613,NA,NA,-0.921653883144316,0.928639088190778,0.725669993261507,-0.56665956017988,NA,3.27077969842912
"Doxorubicin",-3.84594520101138,-4.24590183358286,3.39741338053951,-4.34454385414886,-1.54576879149904,-2.10837683322972,-1.88093106297908,-4.29698250999882,NA,-1.29739517712327,-1.92171151284941,-2.39987707783356,-2.28889780912412,-0.707346578594821,-5.26556146344504,-2.85988036872296,-4.08550068064972,-2.03798872819588,-4.96481488877459,-3.10135468119564
"Etoposide",-1.79643664304948,-2.10693911604261,3.58987680913938,-1.26465600615346,0.894427553420574,2.06065317251256,1.07456651903038,-1.82288250974895,NA,2.27641335267108,1.51045619005069,2.58813394981266,-0.0288749893911895,1.23947436144566,-0.210122304115715,-0.401779040136775,-2.85910902817703,-0.429591332918259,-2.5694338514674,-0.826002508601131
"Gemcitabine",-6.04519289453969,-5.52175994254211,3.91188426047949,-4.25023254093891,-3.70724401549327,-6.78727314101099,-2.54370061778369,-5.29531727743763,NA,-0.0940996688253469,-2.52525501085645,-0.372311625004612,-5.48467920823776,-1.08424536166101,-5.64381997126185,-6.00131878168465,-6.92066056837821,-5.57277482319843,-6.09128926819199,-4.88555386462432
"Mitomycin C",-1.59792046443572,-1.03979690829445,4.52855565108,-2.2558299593137,-0.262991977589964,-2.87173644755407,0.427916705586597,-2.05533466715322,NA,0.671798941056811,0.53559286339775,0.367178248494439,-2.27132474934537,1.46640786212698,-2.45930481714493,-0.705543975950071,-2.31653840268283,-3.97439095255915,-2.29926868835632,-2.1618585828289
"Vinorelbine",-4.29399144323026,-5.84707135462439,-3.60064581810432,-5.46927301094823,-4.84254057893413,-4.44722389874405,-5.05963187633469,-4.6999047925655,NA,-4.44510658624105,-4.03559179792787,-3.47323140946879,-5.02346277614215,-2.9122407963486,-5.09289643328338,-6.76847505831062,-6.1769611219538,-5.06606177261855,-5.11482672995263,-5.71555161248725
"NSC-87877",4.20417032175182,4.08704042587142,6.66075645610195,3.36323046033457,3.74943912284024,4.39250945257255,5.0466317162258,4.09769455488105,NA,4.16268629718218,5.23397873584871,4.62716407584199,4.87430878275738,5.068642205253,5.75513857389692,1.76730309527554,4.01027507380164,4.68723950308909,5.33928257662336,5.43251070110251
"Bicalutamide",1.41938486014244,2.22001539915127,3.49976896957034,2.65990284213196,2.11910875991491,1.97547142570448,2.86616607396261,1.96225030071593,NA,2.02404197870927,2.57651016110623,2.23838783759194,3.10147971831295,2.40132333811435,2.99571873215455,2.36971386724015,2.29989771617698,2.04892200930079,2.53288531462983,2.55794751172981
"QS11",0.984231967341848,1.60467493455775,1.33614814131795,3.89267039644242,2.89334590594773,2.4017358588231,3.16312509083884,1.58577527742481,NA,2.8219109090125,3.24334757876361,3.35845540691283,3.50879070353911,4.70488330164684,0.911086156852362,0.987703572680391,3.22580335697757,1.98484080438249,2.77427441177047,1.43263750313578
"CP466722",1.90718831798781,2.88495696048535,5.43545613075286,2.44761600547232,2.46492345983892,3.09820112731644,2.56560172876264,1.16891435065522,2.35583074726432,2.69272465293083,2.34511710124166,2.09570335821796,2.0317041427351,3.75942583196153,3.53733234980261,1.80090807451734,2.91193310890749,2.92650151413261,1.09148564838245,3.58309411626883
"Midostaurin",-3.09088674470342,-1.7077176910725,1.24744567926968,-2.2783000739,-0.213687618265857,0.189347460731467,-0.103543156352761,-0.50978723694073,NA,-0.105951137558777,0.0716354883644795,-0.153523902952257,-1.54989402627912,-0.504905873908324,-1.5680858821938,-0.957155587723592,-1.17395576618732,-1.06362615954997,-3.17090522893485,-1.28482528105493
"CHIR-99021",1.26765855649081,2.84708584071947,2.28164907167228,2.03511582575922,3.14339608881625,3.0487575388101,3.54050532704878,2.91629243951195,NA,2.97479379313073,3.48115661253906,3.48458368857538,3.60679436076096,-1.03663214611763,3.13846497639125,0.146508109750566,2.14746270780402,1.95366583903336,-1.45540700977491,3.47867855063143
"AP-24534",-1.13097852523837,0.345475257609915,3.02358612698376,-4.25852220073751,0.113336873991347,1.31925691812099,1.62092781446083,1.30685452707785,NA,-0.325829192622639,0.79823771018287,0.0979354686084453,-2.6440895858111,-0.171233846223045,-0.307252444793051,-1.31768077580137,-0.262865535380761,-0.415666921095039,-0.9530810741035,0.112173997166419
"AZD6482",1.68745767891469,3.71846324760222,1.67899388773963,0.976386349822502,2.37937453928191,3.28130640110298,2.70784222491626,3.60943962007189,NA,1.90129902217564,2.73393364665782,2.81866819885482,0.0400975067171127,2.52458840325014,2.16743685397296,0.976465448382762,0.840332394040708,1.52575174841077,-2.69552062045494,1.46531517499588
"JNK-9L",-1.28235408269131,-1.25230544094457,1.00379334420231,-1.77946868209037,-0.394594647814297,-0.991770035461484,-0.123302139574581,-1.18605289334092,NA,-0.405418018069226,-0.605404855942997,-0.873101470438104,-1.34932116979926,-1.33732028429356,0.0665054028542467,-0.717850932000367,-1.98984746497069,-0.70657953626587,-1.82499973081864,-1.57538985415116
"PF-562271",0.659606155897324,1.48927759665779,1.71925888892347,1.02705210823535,2.19201597977701,2.46229869376482,1.23549032314293,1.25374157380875,NA,2.20654137141931,2.00211738353711,1.67742636279989,0.693113510394862,1.32201007391427,1.12681966356995,1.49889839564384,0.369791425433097,0.837828490080737,-1.53305889171562,0.657759225349127
"HG-6-64-1",-0.793853721769463,0.495199316359413,2.58350422582684,-1.76518257301142,0.733067695492672,2.4571711909223,0.686358991554121,2.17446797049516,NA,0.777611313912966,0.943089111855742,2.70373893303108,-1.93548061714416,-0.865107741678178,-0.277436852639961,-0.836694576828361,-1.15742407858184,-0.622055889353054,-0.920044378033451,-0.432774637232367
"JQ1",-1.33674154477835,0.241828801507996,0.679827591960765,-1.51106779229824,2.13385308999667,-0.688049225919227,-0.549404636985616,2.90097664880324,NA,0.144342297189867,-0.400979692676187,1.32974549374895,-1.63745402022385,0.0431025100072625,0.846600708274262,-1.48988049279384,-1.24076761519847,-1.03229747177803,-2.46552823043589,-0.456360432778133
"JQ12",-1.44277315333656,0.248896352009323,4.18461608136128,-0.0848962798003001,0.571437143304315,-0.0257381079247417,0.296116550165262,1.12108319930047,NA,2.72517825661149,-0.303513119333674,3.43316282239054,-0.422008763311866,3.86061755438584,0.385594680551691,-2.13371514293488,-1.74990259868155,1.22640460544132,-0.136536601980298,0.674665078639531
"DMOG",5.03630141937991,5.98924889913182,7.77158641950948,5.98046947110671,5.80798796404252,6.66276028839111,6.48061120963006,6.48928098510904,NA,7.92560917908471,7.22601248626955,7.44984211336731,6.38753694205971,8.58503842996289,6.38778162029916,4.94005937809894,6.92056140482771,6.3403515361218,3.77650185809519,6.94928111563159
"FTI-277",0.57940318324516,0.851408732359537,3.46289357507393,2.2046805901243,2.30091310934742,1.89231379216656,2.86081128142761,1.9999492680737,NA,1.82893767929308,2.33021600096989,2.57115011974326,1.64180440778183,1.83363094992864,2.82823889771804,2.35524104505708,1.59863411511831,2.0038662676297,1.25958474658202,2.34882679589089
"OSU-03012",-0.0338982014425898,0.254933795004044,6.57202462996261,1.85950700137356,1.20577475595874,2.17497648056437,1.64194590698704,0.530937159063592,NA,1.89669983251158,1.49600845389167,2.72439150594681,1.92720535350405,2.70370745687263,-0.608361817787626,0.148126789070148,1.47674747333774,1.0038012942751,1.30485090015341,1.16539011445487
"Shikonin",-1.84867381497455,-1.60309575855048,0.077127759385312,-2.0259056721375,-0.268829835844102,-0.226850899097398,-1.21847932724196,-0.856557994070153,NA,-0.324038435637066,-1.15512929024753,-2.38922312108267,-0.581656476496431,0.169093756104609,-0.120721160445495,-2.06253204097736,-2.98555195150563,-1.00731647828608,-2.61639816307753,-0.909895772513817
"AKT inhibitor VIII",1.98193044242437,2.89055972866988,4.02294546134455,1.49426188248344,2.40542245820262,2.57269778275176,2.13834908766908,2.91278267424782,NA,2.03406075301951,3.58020949284825,3.18713587166504,0.221614283066888,2.7610615203772,2.79325042656079,1.31635746667945,0.139983073391937,1.87643177187775,3.4874371441664,1.8984241991764
"Embelin",1.49031838957418,1.59557008626001,4.30206081816465,2.82599011139812,2.56306926988216,3.41302010570699,2.93085927544569,2.54360631174703,NA,2.5082663784853,2.21177815062458,3.74003266734982,2.67265716012398,2.63870682416408,1.95546237589949,1.82817506996034,1.64656311471371,2.46887408594714,2.04284450183929,2.38772472467062
"FH535",1.57220656905288,0.311318671355422,3.37865378045016,1.93564497997524,0.96297195493277,2.33534359929354,1.74341530033308,2.29776089321335,NA,2.49981802290781,0.85262063846828,1.84373600383642,1.60445035150054,1.2238198302314,-0.542175040021045,1.02217910481426,0.725803688280578,1.91866263312678,2.49161030491996,0.224996662053551
"PAC-1",0.649217845054261,3.12151291281977,3.09690666580884,2.88229960090884,3.13636873506209,2.89252582155156,3.76126117500752,1.24836777019866,NA,0.696488546187695,0.905358845881642,2.86127342673122,2.47199072599028,2.86866332081148,3.88704165457176,2.75990349528791,2.44428030078773,2.17604165806089,1.51098112592977,NA
"IPA-3",1.93222039135641,2.08202782491641,3.74023940315096,6.27216114947986,5.73273572169486,2.37009574986959,4.0332686507786,2.78877469515272,NA,2.16172992013507,2.90798480750381,2.49689373504322,4.32295937713358,5.57358461962157,5.22964285791751,2.0215890004818,3.54728620696011,2.16194455339344,2.24761047333452,3.41316876736296
"GSK-650394",0.813560541669997,1.60651861931266,6.59615535023156,2.55097435452127,2.29346064227661,4.56362028185136,4.1278902540633,0.922989077422508,NA,3.47885142858765,3.53568128845234,4.21805682151365,1.81983625966088,4.98326954049446,0.0327456545933326,1.09771197753843,0.940324842043797,2.12174940601663,2.14748032542694,2.03689074675991
"BAY 61-3606",0.54044127933272,1.15997785694689,5.44464532282104,1.78670738033183,2.17054855842604,0.236851714674793,3.95258723129057,1.34687984314203,NA,1.38670309978551,3.23115718915032,1.45801023229644,1.40604400167654,-0.482444203362671,2.59027961691669,2.46041318274297,1.64750006938364,0.17858459957426,-0.142660860232454,2.17748224714989
"5-Fluorouracil",1.73401502076828,4.65071553109873,7.33828821609318,2.9085178345331,4.7079960656366,4.80613385210441,3.46652041579366,-0.0596445918766518,NA,3.44454919781708,5.27924948675116,NA,1.59851534754954,5.82121620950206,4.95627366243153,2.19430501082076,5.26722918136452,4.60846555400861,3.08790059612805,4.32523474756403
"Thapsigargin",-5.53846657014807,-5.88475904762684,-0.120194328187788,-4.85743203382383,-5.27466841051092,-5.63393676737246,-4.91078987797561,-4.61384283329367,NA,-3.68288710941331,-4.91888061379722,-2.78282510741919,-5.29948664603948,-5.29997350258831,-5.38290004097041,-5.79184808706035,-4.34337563176692,-4.78077568157317,-5.56541874243668,-4.41080314203746
"Obatoclax Mesylate",-1.73825558480321,-0.655302609132099,2.74651414618968,-0.571053535428647,-0.222737544232993,-1.3893813075048,-2.01284808355302,-1.04129324523385,NA,-0.498760758569055,-1.04633922420154,0.412697321028557,-0.805736205640024,0.884893707222412,-1.33263383097405,-1.72964283499125,-1.87317450492163,-1.63364139727903,-0.771329972655214,-0.388345612618363
"BMS-754807",-0.126791062105168,0.631493774426276,3.27294920382154,0.498632158810406,-0.129464094876952,1.40351884968522,-1.74872104928832,-1.27394596586121,NA,-2.85846183759934,-2.22177552180562,-0.783860124371529,0.206972082066975,0.533281271324346,-2.73776563418336,0.4702269776484,0.258079991095641,-0.169824728386111,-1.28189093638037,-0.345094019315171
"OSI-906",1.5473224987266,3.08832053803448,4.81519582526659,3.5510307232035,1.37890513360318,2.93893082608246,-0.138731645241123,-0.368567900144355,NA,-1.1679981332396,-0.598914792505228,0.711832116496565,3.15443828575693,2.57287908144901,3.02878635213144,3.18940749701944,2.70845420401669,2.59463530224506,2.52845254858264,NA
"Bexarotene",2.07163914678605,3.17428546825118,5.80500173158191,2.75249165546022,2.81909108869676,4.1783918671549,3.59476835787571,3.49363637258025,NA,2.71063037026435,3.08926478132242,4.62664894948048,2.63071754617157,3.23108860628236,1.30491248301321,1.75131558610043,2.41279737882861,2.40971056444271,2.52055724526699,3.03364955164354
"Bleomycin",-0.188611802930043,-0.566682674727779,7.90329728777868,-1.3191807219329,2.37709277844164,0.381043392656173,3.41855405483633,-1.13942100241291,NA,5.12628391936691,-0.31340485562073,3.12367604377311,-1.51521033159423,1.61579072857961,-2.87667491272193,0.88874339780438,-1.71115821388507,1.02432591161,-0.615174253223622,-0.638830764468139
"LFM-A13",3.87131794951522,4.57173205047213,3.79148340929452,3.98011497580291,4.18369207865292,4.88038045601732,4.00324084117413,4.27431129380254,NA,4.33625613880942,4.4537806676965,5.16991291016857,4.6314737976843,3.65130433870648,4.87314227686353,3.53596756870434,4.62678820199136,3.95964860315733,4.86494488323753,3.4224381571391
"GW-2580",4.85394091045263,4.87856561970037,6.10365144919614,5.95768785320026,4.27336259954042,4.26583933415102,5.7629006460875,4.96956492346972,NA,4.6225971429838,5.61882481081687,5.54316586667994,6.12859781905965,5.09061830183123,5.62524407926874,5.34024473605272,4.87403907371978,5.24345018043134,5.50955249153153,5.57556479807718
"AUY922",-5.02466663730987,-3.99213034577779,-2.07831648413958,-4.38951589717707,-3.44396324066355,-2.43135166230474,-4.24315534349796,-3.00857216577638,NA,-2.53551309926949,-3.0277406625356,-3.65095055602502,-3.55049919367226,-3.11343042684979,-4.32814498906989,-4.6837138288208,-3.78630079991823,-3.71585103718992,-4.41946034330638,-3.78073030331451
"Phenformin",9.15466291124088,9.21711342316348,9.48210952265651,9.82852731028309,8.31288788299193,7.9575087238307,9.33108329511203,8.90743850587764,NA,9.74481518439269,7.90282396033728,NA,5.94310858036786,9.63160424150928,9.85077481941621,5.1768124067559,8.19937193444041,10.1105974044517,10.1160782530102,9.49923092095426
"Bryostatin 1",-2.97101952991552,-3.84601210598742,-3.83404071263186,-2.77104708410888,-2.5845505901603,-2.71956345698367,-3.27081273323879,-2.98093092268447,NA,-2.99677023632259,-3.17321034672148,-2.28088014417636,-2.39989814696009,-2.47122987143585,-2.61719503467226,-2.84100833569878,-2.60376642403417,-3.39917437220377,-2.64007582616222,-3.82275660895891
"Pazopanib",3.27817453097042,2.33398096817635,1.21377258720717,-1.81079214944386,4.29831858950878,3.40982221448421,2.34440242907299,2.91259680586396,NA,2.71848155676681,2.647828804505,4.62687513480578,-0.811243664609889,2.82777786264114,2.41314273211704,3.3452262880592,4.30550015021007,3.83493293636326,1.88771023843347,1.98827245061379
"LAQ824",-2.54747665659771,-2.52137242137619,-0.0388637818951767,-3.84087007861508,-2.75612504634796,-2.66502744802372,-3.04560795110164,-3.14481025153756,NA,-2.86894274853238,-3.61652539964819,-1.33377508966592,-2.90345540843896,-1.5075795069243,-3.33929064327688,-3.06652101077607,-2.50060308542556,-2.6018875670259,-2.92739752930257,-2.70103087768709
"Epothilone B",-7.32915311988155,-6.87973268022054,0.369408676027299,-5.77155453138913,-5.75113344725083,-5.2366838400671,-5.28373890642404,-7.14878527985679,NA,-3.89979641723211,-4.27612720745593,-3.80423800630107,-5.21926729282204,-5.09610120974659,-8.02498848412785,-7.20110543033517,-7.22152652406589,-7.24486495022253,-7.08725543995758,-5.76560928226142
"GSK-1904529A",1.84900424556219,1.76829757198231,2.29289721773261,1.62416441576591,2.23076789892935,2.12885224531591,2.81505500674125,1.43892337003068,NA,1.59198101286214,1.4215122629963,2.57115011974326,1.28035641877585,1.26842220035116,2.91327738629527,2.35686340138444,2.03069361329236,1.21768334222785,2.38540709246655,2.72064939038955
"BMS-345541",2.66696445625422,4.1596386153625,6.35450833971626,3.00753095793408,3.11848935406212,4.85575762378825,3.14813199804878,2.05504595189976,3.2484552957697,3.70853572492199,2.58439583696639,2.3808021122801,1.37061053173547,4.99133511311075,3.48054280534334,2.4035919251828,2.84538995619121,3.22122362250665,3.17778792287599,5.36180286972252
"Tipifarnib",-0.928588689672396,1.47158369540636,4.98898530068226,1.10819897816818,2.13626044342679,3.40342397786873,1.87843093390047,1.02493939427904,NA,2.27569062613263,2.07772066857113,4.2056208643135,0.545821151081696,2.20812754918203,-1.06754649517235,-1.53413329051268,1.17419427559878,0.203040806987832,1.15822966037267,0.675485527368352
"BMS-708163",4.18298782001885,4.52260049214532,6.15673063415133,5.34440794934385,4.17478112056044,4.35273748302514,5.16677518334539,4.30252766864861,NA,3.91777128697049,4.96694532531685,4.53576398363006,5.41806716744497,4.70708943310516,5.31301792409674,4.67499801653424,4.5718407685951,4.57588769114077,4.18904552215247,5.0352834869958
"Ruxolitinib",3.47869184507559,3.80458297767158,5.4235479578029,4.00636450286894,3.8785136681187,3.52758586587862,4.4822248415631,3.63260667935343,4.46956958529857,3.43047866925331,4.21408418560332,3.75369597327413,4.39087058617281,4.04004843669417,4.45788807474556,3.99629683752761,3.90659198754551,3.4844315575275,4.10284989867269,4.30992952596564
"AS601245",1.44094287040382,1.78099467199969,5.81474351511547,1.50978526067068,2.0341937301447,1.84195231844269,2.09490258185372,1.6777921493662,NA,2.22653210194341,2.156234712506,2.19230460049133,1.92314229686808,1.03923427744492,1.8693913046465,1.75861780371269,1.42710969809284,0.617002847528021,0.108783785826695,1.82526724554087
"SB-715992",-3.32554077178012,-0.59087458199776,1.27773672982357,-0.381049820124023,-4.19083054388228,-1.83516035603357,-1.83407206790177,-4.39508225637948,0.935896287553015,-3.21653006342021,-1.81787959638195,-2.33566715384792,0.954293431971674,0.326958190119058,-0.120161420103872,-2.97972370518988,-3.47705174436905,-2.30564887223905,-3.43163824402517,-0.559338106031993
"TL-2-105",3.93325418225389,4.50904366942414,6.20952851245285,0.0584570967906724,3.5409102602691,4.43459847603417,3.94999426510701,3.23711346574669,5.37263783351008,4.35603917137558,2.98828261648615,4.52222917776566,-0.0552224314474823,4.70838526621687,5.13538081965576,3.52577010534764,3.68649443435354,4.44169472970094,4.70551817847877,5.02165582043583
"AT-7519",0.80484469809675,4.11996354377569,5.67122557167324,0.520238211143569,0.0473181815856825,4.43505189992999,0.927388487981301,-0.585148772530728,-0.702811327033501,2.06949972058871,-0.124219282289186,-1.47833587164424,-0.777983284969698,1.43956596398441,2.17877878782939,0.265357907149484,1.14002850858981,3.30638767917445,4.08709264752152,2.52921136833235
"TAK-715",4.14301281788043,4.87976355256458,6.4965758375761,4.11176418975934,3.28481620104676,4.92880819194297,5.68630818830571,2.80827673153207,5.98210799578899,4.48547398574779,3.28776008190964,4.10986074080203,4.35257599348375,5.37994603911455,4.90401827283303,3.29602384517666,4.4334063084798,4.18728375006552,5.56242612793757,4.84804650874339
"BX-912",2.26607654780229,3.59599990307843,6.18329414053255,-0.0184777953510204,1.64792482432359,3.9945594562848,3.04563582424306,-1.42401025946495,1.89940296094051,0.0419572166882705,2.18805120046684,1.77892740568838,0.208352527220016,2.83012323160451,3.48656572631205,2.12832134990392,2.82293031371859,4.1048931977729,4.88626896694955,3.38452457530393
"ZSTK474",1.25076738479537,2.41470696482267,4.21088344698058,-0.419743063978689,0.363181218740678,3.16232649615653,1.00150247072352,-1.01317226693407,-0.436283277320927,1.50170374688468,1.02052186110016,1.37382449204098,2.78543908959726,4.01736820461197,1.33423461115175,-0.910345566226063,1.84194900634996,1.65586819029562,4.18508462588936,3.07106130409833
"AS605240",2.53223509595609,5.13666521798713,6.63684361359809,2.99258561273809,2.63709244204112,5.0766717997134,4.78820243111649,2.29705572864445,NA,3.89207109162501,4.48087550569667,3.06422460647881,2.72496297892947,4.8914524262855,3.76435788795035,1.4001645077684,4.53082682803829,4.23939196090932,3.30313867715405,4.09576938744035
"Genentech Cpd 10",1.91328479694201,2.98413294986153,6.20944814652499,2.0580337276479,2.13358296162138,4.43501467127223,2.76382659624699,-0.98420113324523,-0.154223848093632,2.36277013442822,1.40243406490701,2.07023746431936,2.19307841047967,3.61756947754886,3.12537951176137,0.750034441997346,2.14118509656459,1.90316324449013,1.90976040499864,3.2363832011772
"GSK1070916",1.82283357878392,1.90389318791439,4.79522228801314,1.35225932381515,1.13859671885155,2.68388971272485,2.04083705667889,-4.47385526915335,0.738478385501824,1.38968774916161,0.516468835845857,1.12946143649581,0.669928763979581,3.32361083995938,3.54907053523675,1.16211274528266,3.04243849858714,2.22054847680844,0.879210784669611,2.85082991123077
"KIN001-102",2.68438247756842,4.5002176598685,5.84987186638825,1.93262377931433,2.58472084408035,4.43505189992999,2.85923620681752,1.12406909812342,NA,4.13979354023042,2.08217546188664,3.71490776124356,0.499572548218467,4.28379086182366,4.4025641939981,1.85265498705128,2.39892932802419,4.05114769648408,3.04445326984638,3.51156830073361
"LY317615",3.86764533180176,3.97927841679565,6.79593321751745,2.32880149692666,5.2729288562841,5.07071397154668,4.25859939778184,3.60215276938684,6.03310507201334,3.64827784046101,3.2656525427991,5.45860758856116,2.2648423219424,5.1768864211972,5.62306623260519,2.31037524161467,5.07244039154651,3.30114419178835,0.882733978653263,4.55731877235445
"GSK429286A",3.26773195941326,4.69661653549711,6.87088107414976,4.00391743643331,4.64019520840092,5.10430447723304,5.27597507405982,3.90131471190248,5.55256267379802,5.03078172856342,4.07201665778831,5.15429788714861,3.97844032671162,4.91712259183515,5.4685016496307,3.13589178277471,5.24271840941581,4.5486286228062,3.32368788378779,5.6831280982502
"FMK",4.83851907687843,4.8516020707311,NA,5.65912342338,5.2729288562841,NA,5.83818182089929,4.63745864653538,NA,NA,5.28224864396085,NA,5.19383818261535,NA,5.87011009210843,5.24697453154341,5.19281693923288,5.24614214161158,5.40531039271819,5.63223032351923
"QL-XII-47",-0.0843533423439909,1.91870809706109,5.46607276463454,0.0968539469903603,1.90107427896444,4.43505189992999,-0.151268011463452,0.129864543789244,2.03851047060234,2.36510760376072,0.0795935656007347,0.832969757512059,1.08477601418097,1.12551635069903,1.81125466930864,-0.128334843727677,-0.0262588904114799,1.03431700301806,4.7991401494118,0.917414637587806
"CAL-101",4.15725411691611,4.93273360939218,6.88241695727405,3.39287342968553,4.4138326955263,5.0289880455245,4.82737249781177,3.57561230199287,2.5035146935108,5.03078172856342,4.7176333353935,4.59343881177416,3.46499685363436,5.37994603911455,5.64315742574564,2.85849090278033,5.06844472725603,4.60394423805392,5.49811965519145,5.46193866373135
"UNC0638",3.14190190923354,5.20748274572745,6.90927192268708,2.42129776882324,5.66633554212,3.5796221080106,3.48125672692277,1.56075550282214,NA,3.54716110852075,3.1654103698372,NA,2.60995295321811,4.3218364852614,4.39660971267545,2.77802112071347,5.96473565440899,3.62115669637393,2.96390511866404,4.42122397224989
"XL-184",1.77019798921305,3.28969538744211,5.52132217291359,-1.10563795919098,2.75290236118056,3.74189529465419,2.99658525629179,1.07235988067018,NA,3.6606725042582,4.3065498962091,3.67949059790517,1.32964984591221,3.9371569421147,4.1508436897637,-0.11603504178449,3.90958429247149,2.80582150560519,2.26244011430614,3.14275095012283
"WZ3105",1.91762440915711,1.49997444356478,3.68373060402867,-0.769557923839358,-0.175219128503017,2.28785114327112,-0.969339681399671,-0.669103461103089,NA,0.0862930588697433,-1.89385390912369,-2.03618958118598,-0.140256199251356,0.23886945918688,1.04449904755165,0.597837105495564,0.403786928685589,2.48885605551093,0.404371133072247,0.562570560882961
"XMD14-99",4.17686156332842,4.50618071443668,5.97322962450687,5.36938527731461,4.45145921456122,4.17562450360841,5.16875116695666,3.78548963383291,NA,4.3268068562817,4.65136825092587,4.52187921615731,5.12366889805948,4.71051538517192,5.02829640339352,4.13075192909906,4.43781502620855,4.57682440784373,4.08970712577941,5.0352834869958
"AC220",1.88189611238087,2.21996812465241,3.45737309073664,-0.324897306464517,2.29803448018251,2.13246680693595,2.77202245977503,1.76812719950799,NA,2.05513856045487,2.34893586730599,2.21135562224952,-0.245352783616021,2.40793029217787,3.00327014467655,2.35719867235936,1.66897367830104,2.25862361363683,2.48429190373236,2.73251537741967
"CP724714",4.09325711091111,4.52260049214532,6.14520680285272,5.11636984372733,4.17332621321228,4.20533982874806,5.16875116695666,3.7700828673083,NA,4.09892864327803,4.63649506717869,4.63253858407601,4.9735820268396,4.71051538517192,5.12923892091152,4.30570481758102,4.60285350626633,4.53091553077802,4.8851505533862,4.88760490526784
"JW-7-24-1",0.847571446644554,1.43927917257252,5.97828388412356,0.913726762607181,1.74426527278412,1.71760451143736,0.706141393015776,0.0857197959700823,NA,1.11819423863513,0.96641402809338,1.70418582448671,2.38654640391695,2.6292677855299,1.83829005446938,1.85056581720858,2.21403650617659,2.23260893253668,3.46372991078318,1.73482074167117
"NPK76-II-72-1",3.09294230020714,4.13583452627502,6.21446935347353,2.92818290444712,2.55197452177915,2.95578243038641,2.40653322217931,-0.0416412143393225,NA,2.7033480090527,2.55803600584245,4.21119843080585,4.02395341911073,4.68226451388321,4.40692504063392,1.71335836490726,4.18145845002042,4.08564312372784,2.63336094342922,4.20915457470257
"STF-62247",3.74435529455702,3.93849902060198,6.18754658393646,4.45326283609813,4.4495305349373,4.40038442192366,4.65224955113985,3.68340264799277,NA,4.31386529792932,4.54265075358358,NA,4.54541600033018,4.40714106927713,5.21070323535046,3.70640528327645,4.59716043535593,4.57683238999794,4.88575869235415,4.71908713091483
"NG-25",1.62892233671842,2.22651428875176,6.21393515261482,0.34866567035895,3.54753968888226,4.15765425173579,2.13602305922547,1.06477289347407,NA,4.36005449095715,4.99969707676904,1.79685161992229,1.92774822858304,4.65643488533248,2.86139605839699,1.57390533659743,2.72490854755496,3.09889434235254,2.12986777474099,2.34854660910574
"TL-1-85",1.48836846840622,3.40790870136063,6.12263823685972,0.11921906636626,3.65158105973828,4.24943768066317,2.46323157008649,1.23720450463514,NA,4.33361240560428,4.46183998634868,2.5948434025257,2.32264250132688,4.11253681160509,4.04615549262883,1.60337264646932,4.21350930113284,3.079698883929,3.14070123527599,4.62605358335716
"VX-11e",1.2390003019195,3.58721933481191,5.52132217291359,3.78462977593926,3.73766911973186,3.74188222510861,0.269260453064452,1.94650440646716,NA,3.66820389406084,4.30451878029037,2.94549463409518,2.23698714117284,4.01430438793583,3.42347675207286,1.7781664603437,3.90493964347023,3.68949860258493,3.31698558927163,4.27226573212514
"FR-180204",4.73233532969875,5.17804672871623,6.88390000741616,5.20744587918678,4.7303871506807,5.10448255387262,5.26403336488313,3.33165823737671,NA,4.90021292862241,5.66912773071167,4.55186240643206,5.73566559980173,5.31608915240123,5.52497934611018,5.30463121956784,5.26008306112621,4.96974342663551,5.09884130843719,5.68679590275907
"Tubastatin A",3.9420676378746,4.75263773653224,6.79715750988393,3.60181706456746,4.82586413799045,4.94077829794497,3.75978151987946,2.09012960918685,NA,3.82500293315947,5.37303146215041,NA,5.25063526894162,5.00946132710982,4.99504714414564,2.625472220972,5.16292445393052,4.15767200671176,5.38905316848701,5.01937794166881
"Zibotentan, ZD4054",4.84573049824893,5.19142033620998,6.88390000741616,5.76228969783344,5.12846433200441,5.10448255387262,5.39129800169774,4.90274530547586,NA,4.82873452272929,5.62833051357239,5.50883311460009,6.01552275997323,5.37449371806831,5.95552884215495,5.20668959382142,5.22727987793433,5.13888949344749,5.48052767911397,5.68172874665884
"YM155",-5.30298596897595,-4.27753546503751,0.966105666626351,-5.78220074581158,-5.38149999581034,-5.43985437362751,-5.3394742521341,-5.35649955764898,NA,-5.28432401288349,-5.55400433653519,NA,-4.18993201189244,-0.277302167922707,-5.82157548692239,-5.70716826758188,-2.86153584672761,-0.751760832759271,-4.57560752337311,-5.76996997813911
"NSC-207895",2.10039603568201,3.162757557978,6.71469015832361,1.75455110378553,1.71545939570789,0.755959355281588,1.12255298049856,1.35248721512708,NA,2.80029243546305,3.04386937886636,NA,4.15732008863128,5.3796319400708,3.31326013253492,2.51949373771061,3.80509178570122,4.60855464925807,4.02302275430449,0.905165424963243
"VNLG/124",2.75942858233693,3.82627972433019,5.46324308317025,3.52618928553464,3.48196176654157,3.58277463217742,3.73166043789149,3.09578275086357,NA,2.96983128751009,4.30549501673856,NA,4.02130198517775,3.92837513091289,4.49365608207286,3.92312581182135,3.7871535251471,3.87937907175418,2.76900434931167,4.01889732719192
"AR-42",-1.29430397729637,0.518682720846354,4.33702868793835,-0.349664077188848,-0.231565051114831,-0.841122386440225,-0.423125287521735,-2.09233701406798,NA,0.388258067221291,-0.974713049188261,NA,2.32728662676098,2.87581181757264,-0.412144603109817,-2.12500428292072,2.95040679980643,-0.777950226593291,-0.472367221562032,1.05580568736573
"CUDC-101",-1.2553694432639,0.137166461788227,4.36749965837798,-0.401760361312116,0.148907838147613,0.450489978633215,-0.64060095558012,-2.23839954523737,NA,1.06227568808046,-1.03861334496249,NA,1.79941598094848,2.22964195868312,-0.357592605517649,-1.81522611895899,2.36452419692335,0.703414868611728,-0.585724782062348,1.13235650328369
"PXD101, Belinostat",-1.0830773443572,0.455520976949408,5.70883695125048,-0.259722330836731,0.0260964141767205,0.275209124324522,-0.154518772997854,-1.94220058099817,NA,0.978176451872407,-0.0588060515251227,NA,2.37296424125232,3.81872641539452,0.555428345254964,-1.30189126799944,3.24117839800002,-0.595668786943402,-0.326039215594397,1.20940835910681
"I-BET",2.87794605863267,5.06650442295868,6.88016417643925,2.17794518751213,4.37427472421087,3.78323609271071,2.65360371796988,3.56921237947134,NA,5.02885553731956,3.7266840136989,NA,3.74206814125769,5.37939243934251,4.84001043833992,2.5282780369562,5.26709142575803,2.09142457427462,2.47469918622834,4.72326818484959
"CAY10603",-0.224162685492255,1.00096815864129,5.88934435453649,0.372268380863877,0.142044890893496,0.325635695438456,-0.0889253515657105,-1.29281945136713,NA,0.500920491322223,0.449343228844752,NA,1.65443026946702,2.89743813393255,1.18016856782184,-1.70153266550146,2.06808674675132,0.201198529139334,0.840622483978679,1.74879914784838
"ABT-869",1.88062828935237,2.02325921945793,3.86826329272233,-0.529179823021848,2.24556163920118,2.13246680693595,2.86616607396261,1.98263674221459,NA,1.9769156545621,2.2685141549656,-0.721703077306337,-0.352149621398271,2.21598983710966,2.98391466649822,2.36883122893563,2.25657646221825,2.25476178896978,2.56450467034743,2.62798588271865
"BIX02189",3.49283717414917,5.16359350090054,6.88390000741616,3.1511075406607,4.54121182683436,5.10194630767286,4.1820248405472,2.53460708339447,NA,5.0278014765649,5.65821126461065,3.90737818846733,3.94633555182471,5.37922677709289,5.18606357642347,3.91946668483326,4.96142556426632,4.68837208744475,4.3521018664315,5.60295216114834
"CH5424802",3.36114377325819,3.71727537669446,5.41595016319023,4.62889125747705,3.88897219239597,3.74190471937005,3.73638303539724,3.1193992856275,NA,3.66820389406084,2.80713506263589,4.00047094476214,4.75345619702363,4.01081737939692,4.52768354881904,3.73675523999348,3.90873319503605,3.87308727533971,3.8036500867943,4.34146597854776
"EKB-569",0.842772422761773,2.97059278009937,4.6004557108819,1.48086360132044,2.54466693725472,3.02504101219278,2.8382944482127,0.850325165137967,NA,2.37915043753084,1.94181823762918,2.45221117317214,2.11214528562329,3.30050449743471,3.12685068295501,0.909142871140902,2.47539845813585,2.51848853343527,1.34794968102919,3.48317960703185
"GSK2126458",-3.29311040424752,0.0190746964183037,-0.470353870277935,-3.73025773299741,-2.13058534559627,-2.26415217248405,-3.86381242409146,-3.11299579759918,NA,-2.05680986822381,-3.86229422185323,-2.26056930334468,-3.25484043725864,0.328488750498039,-2.20983152666918,-4.22744292492338,-2.21847368207775,-2.16921611576627,-3.49897424032207,-2.82863842025378
"KIN001-236",2.77944381295462,4.52095863848684,6.2129467901583,4.44249460063993,4.60349820234147,4.43483946271972,4.58809176539303,2.46873252827057,NA,4.35332971228184,4.99969707676904,4.34246668752051,3.84850754401573,4.70785030907904,5.25511857045689,2.49731751165774,4.57823708490502,4.05520588053974,3.55884427506114,5.02228884347025
"KIN001-244",2.37173573976669,3.10648471348528,6.88390000741616,2.42327830165979,3.86349133776912,3.20801205592917,2.52729730736647,1.12570009481007,NA,3.85584475325956,5.31089207561544,3.57937053219255,2.75016473186442,5.3788025186894,2.69428705746106,2.56912868117827,3.24769473543575,3.53877682226015,2.89599707823205,3.48339353884683
"KIN001-055",3.18912118949717,4.49039886777776,6.21445213050406,4.44316426666203,4.25152706823054,4.43497619478998,4.22595373120473,3.07706587768658,NA,4.29309725556457,4.99956853368031,4.46413500338661,4.93879780348249,4.69594823075179,4.95764966304523,4.29419918667066,4.59818358519039,4.13134489085867,3.79114820361903,5.02273544685883
"KIN001-260",3.85737402356366,5.18618905778247,6.87507546840365,4.32728120904544,4.87284579884474,5.09688462627479,4.76097477021329,2.82761907496831,NA,5.00813629287997,5.61600352917849,4.79502275774093,4.98415563426931,5.37685617813713,5.90892105660263,4.03713210536962,5.26809716422094,4.72759199743191,4.84832685530517,5.50736626507137
"KIN001-266",2.52718402585037,2.86219749219661,6.48711355958781,3.24983281181144,4.04505803895699,2.9379690239391,2.85171572925652,2.02370493268379,NA,2.68432921081267,3.03312684131524,2.91757478933268,3.38493906734865,4.96532528728737,3.75571166320272,2.94455652997714,3.45862735744823,2.89080437241921,3.01481512937965,3.02795655904575
"Masitinib",2.77333683126198,3.54643354614272,5.63774409472248,-0.116197763162276,4.57782425453822,3.15448426802244,3.70590030821747,2.73224004012582,NA,2.88114401013395,3.31972906886045,4.01750812292481,1.40566425581659,3.41063097581292,5.37918553584489,3.19633318402701,3.96342094611999,3.89271966360063,2.97619409974811,3.24391287499507
"MP470",-1.37705381436498,4.40614458409768,4.24376865388614,4.16239610787015,4.06233709778198,3.26023442249031,3.80763561523637,2.56151073918759,NA,2.77034863876888,3.9126627887861,4.40962028004968,3.73383141433964,4.58570783317849,3.7578610505706,3.80098569871361,5.10164444987037,3.34073302555303,5.42617446829216,3.88487805116117
"MPS-1-IN-1",2.55251503868466,4.99448999998377,6.87884749186934,3.85287486704328,3.49169333767351,4.37840614742675,2.63315812193555,1.10261904160216,NA,3.78720041377169,3.03726544807459,2.94260583526976,3.81895654530676,5.24112568522334,4.17462277758894,3.12902568025756,5.27054859301719,3.86043859382049,3.82289046064697,4.60319353877183
"NVP-BHG712",1.94855589923777,3.32335726696015,6.21446935347353,0.296911378303033,4.45676739326323,4.43505189992999,1.45974266165911,1.94663357853032,NA,4.039656675962,4.99969707676904,3.59370479877622,1.42541738194105,4.7099249125136,3.82081559861948,2.03238993490199,3.15683206618328,3.93446446813131,3.48142131738107,3.5130707998768
"OSI-930",2.77095411558651,3.67141703269189,5.44912627781511,3.1752518593697,3.41759795001174,3.62088625344306,5.1655411017439,3.59386687246455,NA,3.85114856978847,4.36004826791762,3.18355492393166,3.37421759309922,4.1321769808015,4.40232592485139,3.23091787980994,3.77808576746798,3.75575621111689,4.72506340452745,4.4566939852416
"OSI-027",-1.02095083467125,2.20663113284692,4.59494495469054,-0.236289210295869,NA,0.868083725271014,-1.24859933158868,-1.90243644635278,NA,-0.0234116018257083,-0.0729265639033396,1.3418314591594,0.688755094957781,5.25867563441802,1.55677686809104,-1.25576471629321,-0.299133641098723,2.76163760234465,NA,0.680996185481295
"CX-5461",1.06616508897315,3.39274870383486,6.21446935347353,0.670258549732697,4.60349820234147,4.04644938944208,1.17656774075309,-2.01019721888792,NA,4.1712637746413,4.99969707676904,NA,2.14457326824406,4.70556493156938,3.55706811514313,-0.872858813016325,3.78901401948601,4.53727810069249,1.6172449888978,4.60274052642634
"PHA-793887",1.86375212262243,4.34992016676661,5.59129644435086,0.883748585962471,4.44562412623988,0.273471017841272,2.12400495568195,0.741956443417767,NA,2.20315142953968,1.32108515857857,1.49734417550609,1.84207999012129,3.65205390438466,3.43838376625467,2.45185961371704,2.51214044183237,3.77817557665676,0.866243121234841,2.67517696356473
"PI-103",0.733742696376787,1.40432601671701,3.81981344069876,-1.07748223856041,0.991381302648923,0.388148126537304,-1.46563153620754,0.524012910940436,NA,2.63810718552185,-0.871390200855062,4.49963071216202,-0.802749796259696,4.62791096530254,1.64526332838419,-1.72585666717471,1.60345730106996,1.83000550994357,NA,0.503898578910539
"PIK-93",1.77548169224232,4.03725688889362,6.88390000741616,2.07354235870252,3.31522427927231,3.65134114854528,2.39902981666813,0.421063120605762,NA,3.32121758472166,3.35658914381995,2.52293660130498,2.77520850590603,4.85461674462264,3.31889551117497,2.17938992138535,3.92274032858603,2.83300110924008,1.89355195773586,3.19195272434274
"SB52334",4.06177669687131,4.65257420252863,6.88390000741616,3.68466947981406,4.46402918803898,4.33193909274876,4.43427949974718,1.1613087831639,NA,4.58511128418933,5.56674195252651,2.18642075292448,2.9285174208187,5.36859294265835,5.2462218832538,3.10320030687232,5.27211257603459,4.33752984028688,3.23209396425214,4.92589791799097
"TPCA-1",2.23794599428977,4.62327369750928,6.88390000741616,2.92206838482707,3.31050324948701,4.43969702035241,2.7826957365218,0.660752974819454,NA,2.86994364053309,4.41159160866446,2.54111508078715,3.49722674749712,4.38908533878639,4.03860413251188,2.28461437342194,5.0825252636827,3.7348756416909,2.45220549354048,4.453888441366
"TG101348",1.88267687357886,3.39908314858055,5.75753657157079,1.94403433296095,2.35468634745455,2.1774393064271,1.43510951736749,3.45804530364494,NA,1.4649247907764,0.916480226916396,2.65514904210157,2.37145555815082,2.45908492236338,3.44184291543844,2.52396552318731,3.07197414663236,2.96196831988206,0.855879550064628,4.34365618707848
"XL-880",-0.807542509079172,0.514088533797374,5.52132217291359,-2.09564750140843,0.663692856450217,1.47244900773825,-0.348185500593924,-1.91797440826302,NA,0.0484720785094184,1.28949754000505,0.552632693468273,-0.990587725062501,2.01110074641777,0.725854652293992,-1.78453929804162,1.13133129658374,1.07865226889224,-0.538834613695315,0.0628537836393807
"Y-39983",2.55035764316219,4.54854415604821,6.88390000741616,4.56654118988828,5.02189462999155,5.02333555212185,4.5020424259922,2.57854534580908,NA,5.03075418888018,4.35502031618627,4.80293791497094,4.47581395278878,4.87319650833553,5.22563941698219,3.67438959956494,4.78061877792416,5.09394763911358,2.74854448265908,5.34291821831902
"YM201636",1.51526108205476,2.98796986934863,5.52132217291359,1.63090672657291,2.57467552685055,2.71468555601629,1.73843239998814,-0.294613169579621,NA,3.38755219117838,4.3065498962091,1.97142530356141,1.55171372528771,4.01344022314578,3.58820126068739,1.67740114973092,1.51812311591802,2.31003672878906,2.60116630878773,3.07099303394851
"AV-951",-0.227013922270671,0.140436931588628,1.60228752639203,-2.95665795924485,0.210184347058005,0.0530252652561096,0.785991299169736,-0.567098365786282,NA,-0.0238772799175777,0.183272091325217,0.446954150420547,-2.29578481253701,0.326746570514845,0.93000504309453,0.195749794876559,0.220189180950955,0.131861180114116,0.0474284533485904,0.641680062036226
"GSK690693",3.60215862087143,4.52260049214532,5.98334129192499,2.87737863699364,4.58785335906312,4.43505189992999,4.14887266596339,3.0116633349295,NA,4.36135107462079,0.39082901461926,4.86458762760695,3.89950775648909,4.71051538517192,5.11576986280814,3.74356137411213,4.59100092547377,4.57698120894271,4.38776498638389,5.0352834869958
"SNX-2112",-2.77360295688259,1.02688858861383,4.77131694372075,-1.45212859172366,0.543453396229776,0.576073925354813,-2.3083488253816,-3.32204008402194,NA,0.4267278077172,0.817298441841243,-2.66627638596749,-0.45373192244608,2.41808828027031,-1.69795553998595,-3.98359165147945,0.872689250666784,-0.375042453967503,-2.59894385938552,0.932446213937648
"QL-XI-92",3.70157076491918,3.74483157763523,6.10742685740501,2.94679093617806,4.31131018470161,3.5831359722877,3.04198022699688,3.66685068144334,NA,4.36114111980488,1.91195136505525,2.0780750117436,2.93398593282275,4.71051538517192,5.22168806533268,2.69516862249666,3.7616141448591,4.46027958254669,1.91728296395086,4.79247467608058
"XMD13-2",2.55606140745216,4.13489934244819,5.74736890562292,3.53722107141904,3.01413560533525,3.00384815440874,2.66242870735421,2.0542082012295,NA,2.49479891406513,2.06364850834214,3.30605050304355,3.54891162080043,4.67718146409543,4.54505486397906,2.52690463007919,3.19851497870889,4.27679347549484,4.03145480639886,3.92680030757223
"QL-X-138",0.107283902405405,1.53445875718147,3.49105825091212,1.73982997536259,3.34532095233236,1.27811960945068,-0.247756438516064,0.633572338976443,NA,0.447818848235944,-0.416095709445249,-0.0200539010530014,1.1990192754352,3.79459671694499,1.71270176640809,0.509628544064478,1.16694870780881,2.20271636983399,0.741051127495295,1.15919691221558
"XMD15-27",4.01791975325762,4.52254142255984,6.2091438656215,4.25459892021265,4.436321893931,4.43505189992999,5.16875116695666,3.6037420163575,NA,4.36008061743919,2.60236359490245,4.87373521273731,4.10555559682253,4.71036479873615,5.31301792409674,4.05636806379469,4.60285350626633,4.56906136466398,3.47218733697793,5.0352834869958
"T0901317",3.59727922324201,4.31533992874744,5.36060169409195,4.95306796840033,3.60900844994116,3.88426314986959,5.16875116695666,3.37550972932276,NA,3.87903639537872,4.60105760455178,4.87373521273731,4.46979327911999,4.68259742636882,5.03334588100241,3.13264305608902,3.88975168086605,3.94346302485462,4.78901128211615,4.38348133696274
"EX-527",4.47798535957742,5.14946283330545,6.57648139973041,5.78158129826722,5.10875493372493,4.92461527685887,5.74673250010053,4.8279575649815,NA,4.9704949838531,5.07879909241632,NA,5.93403999381183,5.2438122997175,5.51493417034024,5.33887754996375,5.15894736229201,5.1152850844654,5.52168037694879,5.62537369423257
"THZ-2-49",3.70715018819842,4.97652469224091,6.88390000741616,4.92564055761353,5.2729288562841,5.10448255387262,1.55443949325837,0.802486502855103,NA,5.03073214454794,5.66912773071167,3.46518552568037,5.37109625933241,5.37994603911455,4.29729958524537,4.00126861849094,5.27228416020896,5.10942585737362,1.49190525141246,5.70471414093843
"KIN001-270",2.94190019142459,4.90176652546967,6.87659612302823,5.69369551132633,4.92599205862597,4.96762374553799,4.28078903758109,2.66141162966817,NA,4.77861445986181,5.64040905083414,4.28178171932802,4.99287479924779,5.07224406647541,4.56364868268277,3.17962660416176,4.97616707295522,4.50993213583838,4.45975014542825,5.14325900639947
"THZ-2-102-1",-2.5761017523959,-1.57852510128889,4.77419104661628,-3.50838851927157,0.598789060565127,0.700006845793764,-2.70259527915157,-3.07097391684816,NA,-1.58923220447358,-3.89683396504748,-4.59812515933596,-2.14939235092412,0.300906862785422,-1.01559225318091,-3.91194983081442,0.224533998915507,0.600730884785662,-2.42778837953269,-2.37471642612732
"AICAR",8.46515921420155,7.35307715932401,7.09292850460841,NA,NA,7.12187356415217,NA,7.70008707355119,8.16575800431523,7.37437093580308,10.2694112678904,NA,7.65861309451055,NA,8.06321296665611,7.14590704018152,8.19820846711877,NA,7.30369445977651,6.93546304597477
"Camptothecin",-6.54983093694004,-7.11775533026298,-0.552145054800282,NA,NA,-5.05701426964431,NA,-6.06163630987629,-2.18856101108243,-3.85671249294511,-3.41310069077958,NA,-4.48977262822254,NA,-5.82544945024654,-6.026359926732,-5.63121106612564,NA,-7.07053282245751,-5.66040598123353
"Vinblastine",-4.51385323583606,-5.40841758376494,-2.59088730926118,NA,NA,-5.47269441808256,NA,-5.44411197915596,-1.74943146508571,-5.50041586165744,-3.53203553732541,NA,-4.67523724504268,NA,-4.37155311654835,-5.37129151257973,-4.79902560171499,NA,-5.48270693364405,-5.53460483051143
"Cisplatin",1.38103858845606,2.06540947804838,6.11359195212007,NA,NA,1.36596284622939,NA,2.22166525244445,4.60638451958113,2.54951166756607,2.53593583430825,NA,1.60877714870193,NA,1.62179760705527,1.80386768318899,2.35255182942329,NA,2.02519070541138,0.992954492127015
"Cytarabine",-2.49199745380972,-2.13098794091117,3.0965476199336,NA,NA,-1.99298700432228,NA,-0.954073752957446,2.2464571414066,-2.31048665174207,-2.88710898802645,NA,-1.79950771185499,NA,-3.1120806704807,-1.65594416397096,-1.60112925368195,NA,-3.96802506549094,-2.54424724975065
"Docetaxel",-5.7384893398949,-7.50235952987995,-4.97039105087857,NA,NA,-6.43398185395959,NA,-7.54588810135157,-3.5386442451249,-6.4119851581058,-6.14985917428323,NA,-6.96412744619313,NA,-6.30708973656352,-7.33484091870993,-5.81441510119085,NA,-6.4994939641962,-7.29284639832389
"Methotrexate",-0.0419561220151732,0.329875159938897,1.31653818845262,NA,NA,-0.453298667961942,NA,-1.70557445320007,1.01259816359707,-2.34260647263081,-1.32938432824201,NA,1.49777100788392,NA,1.25179643739559,0.0757850327702863,0.53065683833245,NA,0.674992435219947,0.427564749948017
"ATRA",1.98493303154811,4.17060772983103,5.30064873518549,NA,NA,3.06938876773819,NA,2.90158582370492,3.55691034429679,0.660708484260397,4.96928069895413,NA,2.98435745673447,NA,5.06820574351369,3.64590801282256,3.84334822419904,NA,4.39029574410434,4.64910609197462
"Gefitinib",0.590534604825722,NA,3.19502055330223,NA,NA,-0.201398250846083,NA,-0.21613841231159,1.30432362806758,0.990790399661042,1.98024827659774,NA,2.30108535962698,NA,2.17302989686781,1.64855970300301,0.456945952688282,NA,1.43201499405826,0.749489474117813
"ABT-263",2.12898116465894,1.45404114462436,3.95184329919059,NA,2.79066162464439,2.49283742765095,NA,2.09872931256554,-2.64189311340952,-0.733480512243086,2.90109475352436,NA,1.98466119373714,NA,3.05020251799383,1.51046536481951,1.42714364309595,NA,3.25984103494352,1.60473308296033
"Vorinostat",-0.322290197664677,1.01968492909536,2.63087751589882,NA,NA,0.881728866445782,NA,0.613164917532538,0.850789451992589,0.357039478920808,-1.05639225046555,NA,1.12213254892833,NA,0.698128921470025,0.562686079144662,1.51462854844116,NA,1.56538620292987,0.268590386241139
"Nilotinib",1.60705425176312,1.01805696846785,4.58131491442212,NA,NA,2.16848658720301,NA,1.72350647918539,3.18357151786782,2.45992854131825,3.36598244828685,NA,1.22264397215642,NA,3.53653443950697,2.99539128320955,2.17941846203375,NA,3.2577151183447,2.27607475695727
"RDEA119",-1.22517931625023,-0.614753610062786,1.74588503488643,NA,2.40256539439605,2.53602779066976,NA,2.87051467397902,1.67537856803676,3.64448736744352,2.59478908549312,NA,2.19273083225518,NA,-0.504735320411843,0.0698993855464547,NA,NA,-1.06096287614162,1.67107475098477
"CI-1040",-0.174522295664729,0.594336857350249,5.05503430844941,NA,NA,2.27177419728095,NA,3.39706252057653,2.85677906568848,3.17459402533713,4.86813603949875,NA,4.0395723390318,NA,1.22075149917388,1.35150143981282,2.02865679161209,NA,1.09253337085916,1.98988688291543
"Temsirolimus",-5.8403153700161,-4.04809799081408,0.222403532467806,NA,NA,-3.57036979667369,NA,-1.49946982812586,-0.642824252066985,-2.38231250377643,-1.19506017192637,NA,-4.66335457443116,NA,-5.48000132287821,-5.25622922486702,-3.25308928359886,NA,-3.75683503084004,-4.76956403728691
"Olaparib",1.6514758347459,1.75441448263276,5.47986788521775,NA,NA,2.17377618817023,NA,3.58572309345458,4.07793372208103,2.59698097884411,3.74181934182409,NA,2.74475200012154,NA,1.61758800741581,3.31794265647631,2.83646821900021,NA,1.73563726573976,1.85939713105556
"ABT-888",2.84450115724712,3.5177640762376,5.49760564629627,NA,NA,2.59496601213522,NA,3.58572309345458,4.54873368354939,3.2928603055526,4.21802852839535,NA,4.39241121035365,NA,4.12641381191022,3.26036866125797,3.16704661974406,NA,3.38486891108117,3.40406147945414
"Bosutinib",0.0640661610331889,-0.614815725242698,4.58131491442212,NA,NA,2.66476249852715,NA,1.45741486627561,3.70300228800129,1.92866465557682,2.79235934496879,NA,2.93678773515341,NA,0.728427090500775,-0.427105314921815,0.561178532843734,NA,1.41675860810392,1.57181817231779
"Lenalidomide",3.46559523857475,3.7766177696796,5.49760564629627,NA,NA,2.8879948221319,NA,3.58146943346438,4.21490682784448,3.09342401973207,4.14618680357593,NA,4.65998947278352,NA,3.56468597133749,3.2504408022669,3.32457838262451,NA,4.02539174720517,4.16441599571923
"Axitinib",0.694452631709554,2.07232775084884,4.58131491442212,NA,NA,1.01096120957069,NA,2.25139663503437,2.48224162204688,1.0126070938687,1.74690734098539,NA,-2.16887883664695,NA,1.29428377022136,0.812842656040282,1.13942245460346,NA,1.58045463259311,0.935188632499945
"AZD7762",-1.57120469886763,-0.847118167949183,4.0732056137305,NA,NA,-1.79895849089529,NA,-1.40298309676903,0.563983935071735,-1.03141212304016,-3.91905156298935,NA,-2.60030459854694,NA,-0.573813397138981,-1.10457421813284,-1.49582335962388,NA,-0.548176520770178,-1.3131147570947
"GW 441756",2.03908330583406,2.87790141220418,4.57462927857308,NA,NA,1.22446995955521,NA,2.18985825551751,3.42117938642519,2.61486566913885,0.870230894324469,NA,2.43905422530475,NA,0.639575345636372,0.987345030977651,2.71619853982978,NA,3.25984103494352,1.86544558879196
"CEP-701",-2.97329387751301,-3.54393233294859,0.0416360111059613,NA,NA,-0.151035014858633,NA,-1.83553326560395,0.997413415146568,0.522314292304348,-1.75157086785794,NA,-2.04157415488171,NA,-1.44644386086087,-3.51732311866577,-1.05372211118588,NA,-3.01889387691313,-1.31767339120873
"SB 216763",3.41097947398517,4.34526209740981,3.19046641121684,NA,NA,4.41133537331268,NA,4.23811802963697,5.25467777244571,4.14422142478436,4.86976899198812,NA,2.24233435777173,NA,4.97690290221071,NA,4.34695145180525,NA,3.19243936740407,3.11243497728854
"17-AAG",0.272777817416178,-2.34981066947258,-2.62968829354645,NA,1.84650153502081,-2.40463964988909,NA,0.575907840652058,-0.371491015808334,-0.734772540937376,0.511292661774978,NA,-2.67266217506123,NA,-1.3666801257002,-0.456456981339929,-3.24402663669243,NA,-3.2460060524249,-3.05065961978391
"VX-702",2.23024775178092,2.69308716184428,4.39213845919564,NA,NA,2.61237118104728,NA,2.6540746236012,3.13151144238499,2.23355505309696,2.63524859761865,NA,1.2644407480313,NA,2.36245174258931,1.93088125451509,2.60987688331108,NA,2.62995299583068,2.51906328628112
"AMG-706",1.47799645754606,2.61083750325685,4.58131491442212,NA,1.54354258646712,2.45119905786364,NA,2.45726537846671,2.68280184612308,1.64091210585192,2.60083250519619,NA,0.242360580651361,NA,3.60379429203922,0.898744445870779,2.05287763053595,NA,3.25984103494352,2.35824861781933
"KU-55933",2.33571507150595,3.5348333032216,5.06751637093591,NA,3.7778146104798,2.78630389241412,NA,3.3435074097585,3.92545023102484,2.57741915367895,4.32718223878912,NA,4.74928557590148,NA,5.24957788027681,2.30492743934769,2.92999547249262,NA,3.09922677681812,3.93543414744934
"Elesclomol",-4.81127598848353,-5.22216816399923,0.42433763844045,NA,NA,-4.7941771542826,NA,-2.85677411955053,-2.3784474533834,-5.79379928206845,-5.2568840949611,NA,-6.09600150879365,NA,-4.00682769421525,-4.49504863290059,-4.18621515912276,NA,-4.70449225693196,-4.86098083339229
"Afatinib",0.0300316760790691,1.49687752869479,1.56016291438162,NA,NA,0.162080327622617,NA,1.26011836668542,1.4923994694623,0.360520371377543,0.819020627843879,NA,1.25501393244024,NA,0.76089810980665,1.37899375145987,1.45824143922419,NA,1.87354667382363,1.90880549570745
"Vismodegib",3.15442121717499,3.27007310189015,4.67483287441841,NA,NA,3.68200631334946,NA,4.2765054979442,4.98193445249702,3.44962216922011,4.97388141921722,NA,4.15492772269338,NA,5.26795890166089,4.20027180502465,4.51641586513899,NA,3.75311591390745,4.08695903841368
"PLX4720",2.27884513111081,1.90517230199153,6.17673041662451,NA,3.22338518466854,3.94416413674402,NA,3.20245370394804,2.73306912013251,2.51639055188613,4.81128840444632,NA,3.56815549148988,NA,5.28930139747943,3.14614265094786,2.91658956906433,NA,1.58303284711942,2.27795246784841
"BX-795",-0.63108280604454,0.807276649225823,3.00693540034772,NA,3.21975444883094,1.19121974693351,NA,0.642353219705656,2.08489973762643,1.39207708964481,1.54254839789884,NA,0.732315346656562,NA,1.98853319052235,1.00797057122629,0.850409266573647,NA,-0.00555524669896242,0.089466862913536
"NU-7441",0.716699758786552,1.37613466521932,2.56817746020289,NA,2.69452381607977,1.40497895457071,NA,1.52260104106164,1.08662461058152,0.94898919595081,2.47425132285409,NA,NA,NA,1.76863909459223,1.111362253908,0.766599800759034,NA,1.47841913097863,1.42897504439384
"SL 0101-1",4.16074766581735,3.54427217538275,6.03130855140046,NA,3.70278669488221,4.41026277698507,NA,3.55768903868539,4.73894536933411,3.06718175282285,4.81037178400538,NA,4.17841602042596,NA,5.25029908688867,4.65128148991692,4.57833903432834,NA,4.32598942237445,4.04627338259776
"BIRB 0796",2.87017968958816,3.37418346755493,6.0644164705111,NA,4.29252073536636,2.43990632358885,NA,4.09489603682766,5.05236373501575,2.27717011438848,3.56219463985281,NA,2.86514065347473,NA,4.54690164630123,1.66309223907074,4.44143384808953,NA,4.40488674429279,4.63320824781448
"JNK Inhibitor VIII",3.41483536652477,4.43166687585295,5.83599597221039,NA,4.2623916749777,4.05320912927102,NA,4.24591525464929,4.20439630664053,4.27333097934477,3.75840870732967,NA,5.45598303811929,NA,4.46400237921423,3.6524232593871,4.18948384828619,NA,4.24542262461999,4.08018530767297
"681640",0.525256116145651,0.260805697971997,3.95961556180359,NA,2.64340737123686,0.892998185857765,NA,1.06900220974683,3.11233567851367,1.18098274291021,1.56052003807792,NA,2.16455930682491,NA,2.60836561557587,1.08047936032742,0.67862637856492,NA,2.1727469883221,0.78058918442243
"Nutlin-3a",0.740082983541997,1.50529546877724,5.86222868829334,NA,4.10455641350496,1.50603807093183,NA,3.23956811735126,0.73852763149945,2.21317631335979,4.0768956750327,NA,1.55821839170122,NA,1.05183077705546,3.89833070488119,3.60683931637647,NA,1.33450073672773,0.991540022816662
"PD-173074",2.23318208204641,2.88591355006137,4.44359270529022,NA,2.9642739544172,1.29901419346783,NA,2.25552044959,1.05086798384873,1.27218709835332,2.14306052940742,NA,1.51907328240534,NA,3.65534864880266,3.04176269625055,1.07721847362247,NA,3.05880416615208,3.19292520312895
"ZM-447439",0.793948042689218,1.1808763402309,5.26715683032417,NA,3.05159949396086,2.7247830146892,NA,0.632033072863208,3.7031456845511,1.47711634009448,2.08101597009734,NA,1.72793429167402,NA,2.96121999253204,1.86872093679616,0.614212673533246,NA,1.55495461533744,1.1565252631626
"RO-3306",2.52761608138203,2.13311774972535,5.49694433094343,NA,3.80210903625547,2.23873671381153,NA,2.96816496416749,3.38570385887267,3.61579538866908,4.15733234589185,NA,4.0405034945816,NA,4.16654093419735,3.37729823647244,2.65968171057909,NA,4.15500429291722,3.12812818974527
"MK-2206",0.953213690423083,2.16430327657438,4.31252790136878,NA,3.25810040000707,NA,NA,1.44913531944237,1.86894734664759,NA,1.28533612721297,NA,0.651227180774127,NA,0.276628113204579,-0.366220763338297,NA,NA,3.63356900412306,-0.347843582839261
"PD-0332991",-0.0538888725701961,0.194444758274312,4.17550319301197,NA,1.33290774793277,NA,NA,1.94091009821124,3.20591242099348,NA,1.84228670364798,NA,0.562083089047637,NA,0.638010056541771,0.647111757529038,NA,NA,0.811200647242127,-0.504349017676633
"NVP-BEZ235",-4.82461120209088,-3.70817901189676,-1.25583940036419,NA,0.755361711194724,-3.82620553508889,NA,-2.97876569609228,-1.47228899718986,-4.04359000375808,-1.86055892862063,NA,-3.60408704982986,NA,-4.25633358508254,-3.58087220838715,NA,NA,-2.97228337139648,-3.92485423146952
"GDC0941",-0.182728624125926,1.08939717499511,1.35076999553515,NA,3.14201969207528,1.11969123217458,NA,2.33427893585328,1.47086069042358,-1.02280879961573,1.55588057054072,NA,-1.02379907378956,NA,0.0237357601253438,-0.46678853365926,NA,NA,1.09135315117038,0.39860804583253
"AZD8055",-1.16950881136173,-0.644277480000279,0.395572659750076,NA,1.8151031089109,-0.519252768979044,NA,0.248339318601171,1.0633494831914,-1.0427183691679,0.467148127048482,NA,-2.04325664424299,NA,-0.486850428894917,-0.479239312843849,NA,NA,-0.565833679133478,-0.979279511645821
"PD-0325901",-4.36930598919662,-2.68996005130293,1.22585949667835,NA,-0.11214633996354,1.17360505846602,NA,-0.278372689406606,0.226005137873323,2.06193833064809,0.317592074163249,NA,0.233042022597238,NA,-3.90679619006191,-2.72873365901832,NA,NA,-0.91576736016081,-1.1966254690798
"SB590885",1.92101042675944,2.93964154939926,5.49760564629627,NA,3.76469300735594,NA,NA,3.53403380484169,4.62305189927803,3.57635619566624,3.79897193281451,NA,4.09421565084592,NA,4.24482485169496,3.95813430935698,NA,NA,1.83422834140163,3.44444190320621
"AZD6244",-0.528459099156607,0.439840358979934,3.97461596991249,NA,3.11554191412847,NA,NA,3.36250998891825,2.66931013683242,NA,2.76818193898958,NA,NA,NA,3.22515971209884,3.73128108136172,NA,NA,1.31585042179866,1.84376105368043
"AZD6482",1.14411189862002,2.17876204873277,2.2068787831785,1.00235565071211,1.93320393417344,1.73559531034107,2.23683289762838,2.61609605811784,2.54445609748768,2.68068151251871,NA,NA,1.53628113418627,1.6534680553259,2.68543295724678,-0.352193038381051,2.12375975958069,0.788857209982783,0.729374310520232,1.88370436489869
"CCT007093",3.74527828593102,4.08030823568,4.41281742205291,4.80041582447429,3.56609584757734,3.47752645863371,4.43517491371256,3.62304704066926,4.30970354908259,3.9221191040418,3.85308803883799,NA,3.76863021586606,4.19574171790862,4.82052393446102,3.10198689726227,4.16362153568735,3.77193233339854,4.04718675016586,4.23665349835923
"EHT 1864",3.71517345500822,3.8037666263333,3.73024669664718,4.03815993314756,3.35124058530512,2.78871467792937,3.78105312307052,2.34095874689238,3.82373706672179,2.82517019203686,3.03954143021579,NA,2.25341000754776,3.09020165137565,4.35017146424383,4.2277004822819,3.44846662158408,3.24378688879102,4.57226232969349,3.07635946738416
"BMS-708163",2.3438373275846,1.58357887307731,2.32848091923745,3.11701147207043,2.56088141798726,3.71265712056096,2.25831414475808,3.58572309345458,3.00329708117087,3.64355760342112,4.16914555609243,NA,3.27144620325168,3.9925813829145,4.29211513123502,3.94176207155735,2.02117763225187,3.84760651187803,3.14399723735533,3.69354661960726
"BMS-536924",1.22065063928059,3.50681964663837,4.81721465240033,2.13454674882849,0.451422509486311,3.1740533401537,1.09021680206074,-0.75792147833982,2.14603287826645,-1.24055234044772,-0.0438018619621462,NA,3.70271489524872,3.68017124472811,3.09925726905303,1.41729692754064,2.80601094055876,1.23284460339997,1.69723187604921,3.97010433909554
"Cetuximab",5.99805409445458,6.29628994282497,6.77835983940023,7.0382592737703,6.3873236983719,6.23531161505991,6.77579754433579,5.41447246694101,7.09292143410689,5.30857234167716,6.25040011720158,NA,6.74396766222861,5.49811459870454,6.48556863329156,6.42634620416481,6.34418237126743,4.92592644637142,6.18579596612388,6.49414228401404
"PF-4708671",2.68975855956148,2.46913463402896,6.16214294139459,3.55385963914431,4.55424962548436,2.45622343633106,4.22352634628784,3.6193729765497,3.14486261614646,3.66576515757174,3.96596365336142,NA,3.56677302638209,3.32557276837423,NA,3.24985821510885,4.03147477757005,2.9236164061636,3.45683567096593,3.41881491221637
"JNJ-26854165",1.68084162491921,1.16307080128174,NA,0.303002851802858,2.95724295666139,1.57537372052348,3.71857039164539,1.61285572799076,2.85499141637291,2.65116926654926,2.16344693489709,NA,1.92937453600262,1.91999874385599,2.57129798986527,2.05255870333876,3.48488261992278,2.42868424194291,1.74348848122896,2.22946984114852
"HG-5-113-01",NA,NA,3.84700268358349,NA,0.414682701637086,NA,NA,0.141467322970871,NA,NA,1.05804062959109,NA,NA,NA,NA,0.894455339720526,NA,1.36116571025871,0.554707235248295,2.16614168331771
"HG-5-88-01",NA,NA,5.5134515367387,NA,2.04154910391355,NA,NA,0.506553826806523,NA,NA,0.883713259714352,NA,NA,NA,NA,1.6470499076705,NA,2.22993939787986,2.46421525130619,4.88362016806946
"TW 37",-1.8224710227444,-2.09415263327089,0.182648517819355,0.189103350280057,-1.89038619606152,-0.369795976328599,-0.264159568668267,-1.36471970849624,0.00303715841388905,-1.92054067286947,-1.81526983162544,NA,-1.74610359735137,-1.42995343992381,-1.45417269567646,-2.23303913277693,-2.55819599746523,-2.08235114017068,-1.93705156981697,-2.06689222948671
"XMD11-85h",NA,NA,5.59798999883462,NA,4.50534888149023,NA,NA,3.19986103093369,NA,NA,3.13255130094885,NA,NA,NA,NA,2.78127782746397,NA,2.68340217930847,2.98673294322705,4.88416673132091
"ZG-10",NA,NA,2.57949506370923,NA,0.0738438401440959,NA,NA,0.553204495738751,NA,NA,0.264859438750704,NA,NA,NA,NA,0.384051851595836,NA,2.92090355702316,0.242781223119528,1.00720360017248
"XMD8-92",NA,NA,3.95522535653392,NA,4.00752289125087,NA,NA,2.96220849412225,NA,NA,2.81426702843546,NA,NA,NA,NA,2.07013127275858,NA,1.60866704488681,1.88639668225362,4.49899833790884
"QL-VIII-58",NA,NA,-0.136615734208058,NA,-2.53099395704963,NA,NA,-3.36608064678308,NA,NA,-1.82077946028731,NA,NA,NA,NA,-3.24295412294775,NA,-0.480906770381377,-2.07063781899205,-2.03541553619575
"CCT018159",1.7815846147807,1.11687531184749,3.32702094697174,3.66978229442125,2.34886167046277,2.60335891711441,2.95357725143021,2.99885163561442,2.80466791795985,3.34032572505595,2.65107322477959,NA,2.79917677433087,2.20800228832679,2.5642289606061,1.90445307443722,1.51197024971659,2.33406284465925,2.63532064551701,2.87389805949007
"AG-014699",2.09037747806785,1.53168128277665,4.52327000861795,2.22313350061738,1.57668651208652,1.01004786339239,2.9989652036544,1.4621665554849,3.04373501038769,3.44474224742073,2.26689598971992,NA,1.88705476015239,1.6728705243153,3.59605918423706,3.36549468610906,2.00556943492431,3.6548580839274,1.85157933293324,3.03217804943198
"GSK269962A",-2.27870724604984,-0.654660485808699,3.4948378864483,0.401982747936624,2.47143047579351,1.89111836345485,3.19957308524223,2.25471272228459,2.3294710900312,2.51073535846212,1.6189122040392,NA,1.203400694553,-1.97597032117494,1.35675160816821,-0.201141516731283,1.67569116785128,-0.276990386810244,-0.933728904988493,2.13276004779295
"SB-505124",3.17861709466912,3.86894801076682,6.00450023267032,4.00908870788986,2.60323571343661,1.80177501513193,4.89565855155566,2.11811465503148,5.20888668876967,1.7308498207068,4.44494833578456,NA,1.80913403525445,4.60223549379424,4.62906271344166,3.81745240038924,4.0029103663831,3.86034659260864,2.96645792782227,0.131909962192234
"Tamoxifen",2.68060945063308,2.47087487120097,5.31135305211037,3.32104771970253,3.57454567603394,1.64639134025094,3.52279026736775,3.53337224817835,3.38295322517042,3.59326707268899,3.77365762463251,NA,2.81304150514659,3.90159285500894,4.16693701804775,3.26747377485393,3.52568859885454,3.17111244435951,3.30855161141379,2.96649090851719
"QL-XII-61",NA,NA,5.25615462176327,NA,4.44708469508818,NA,NA,2.37704800925139,NA,NA,3.97001450577493,NA,NA,NA,NA,3.63144744201426,NA,4.21669248145312,1.24227678447976,4.83866237503255
"JQ1",-0.571692820485025,1.6867414388853,3.70191513967627,1.9397167491874,1.9904033572935,0.669476029126259,2.25087752819178,1.92393433574425,-0.540062424544722,1.98317586165249,2.53888857752137,NA,1.56293375348187,2.29965040080019,2.62076011151198,2.03766844230858,1.72216223236732,2.13098459252333,1.53058379686943,0.551484064301276
"PFI-1",1.86732519052871,3.20263203134489,3.79491591945839,1.32278314946402,2.55102835117314,1.65656250970584,2.09691056800196,2.70440019655671,2.12757714771905,1.7535319472819,2.61864348815852,NA,2.03644784056571,1.99859907744521,2.87388117885173,1.34904223023962,2.13672477700178,0.833482506355388,1.76007028267941,0.296213033336369
"IOX2",-0.612830336386483,-0.182809330681747,0.72215798111948,0.170107435181771,-0.194910584646959,-0.433202212602496,-0.0420543656697267,-0.867235346971955,0.603716502781578,-0.45268235343986,0.177164439810551,NA,0.599552141772039,-0.632963145663919,-1.43387820506653,-0.648932146278673,-0.269154646340092,-0.279758314154681,-0.232296197565896,-0.46301303305138
"UNC0638",4.53551526355671,NA,6.69760973923943,2.10844230726601,0.355218759890209,2.59869839308524,4.62561941107182,1.67136560058521,1.20151749098629,2.04464413528368,1.84981124420609,NA,1.86264379782501,1.59907901354129,4.18546372548299,2.09595921599548,5.19092098053744,3.45772270188988,2.36026673532533,5.09056301522344
"YK 4-279",0.690014470045875,0.367353256987626,3.0374754753988,1.2610651074306,0.530801052288758,0.560905991720997,0.777666154658286,0.110774173926607,3.93559307012113,-0.0671968227929062,1.2483434122202,NA,1.12068202170312,0.612116741506549,1.69724654656831,-0.194469731389865,0.406982013574124,0.290638440656994,0.834722741593526,0.551960502797193
"CHIR-99021",2.20173995433254,2.06024553708957,3.61091998877568,2.47725217680271,3.03290196534529,4.35191238727959,2.68420631692281,3.44956660704736,3.92517522314034,2.22222673521694,4.835328937468,NA,3.91094388078999,2.81464668453752,5.10654728459667,1.24690070241701,3.0134824017602,1.69129216731773,1.67817234904818,-0.455488766432692
"(5Z)-7-Oxozeaenol",-2.17377512154407,0.0321276192592781,2.22827032624235,-1.0846208155163,0.649827176380821,-2.1138074040651,-0.998224727643135,0.996714223241176,1.47956298185219,0.683729941149112,1.51678884575004,NA,0.965220345464975,-0.471171840466091,0.0114287858636811,-0.915338801930884,-0.0172792035731612,-3.19900204163208,-2.34569524942735,0.617144262439584
"piperlongumine",0.781574471620287,0.268655124745498,2.53270846937567,0.533476096398292,0.605763933651124,0.630640655736249,0.490012451002509,0.848767078990477,1.8707694904343,0.477307153484746,0.975174679168086,NA,0.922586081383141,0.135472790291757,0.979688567088824,0.28811210263927,0.349619698100912,1.10612628729794,0.577068420763598,1.17107183691033
"FK866",-3.5736991605747,-6.27066177084963,2.29671374984876,-4.62592250434009,-6.23519118081391,-5.26285775983446,-4.81941989829819,-5.72141431280668,0.339404894719313,-6.25174570254412,-5.98337586561731,NA,-4.15945847272472,-3.90829219901645,-5.00153213710445,-5.04133839223204,-5.62282096954829,-2.67604251990081,-2.59174936945766,1.67080074103713
"BMN-673",0.497365030888529,-1.07081579695421,4.02184073133788,0.758860706369,-2.71791815671952,0.347391481633375,1.72893506435077,-2.29035269951776,3.61841642589328,2.63287073535847,-0.399757086301372,NA,0.701256086014923,0.549111313991868,0.730268024143549,1.59270467734011,0.466365903444158,1.12558513396597,0.468412838287634,0.609943969709109
"rTRAIL",-1.25051225283083,-1.40175475363342,1.39302530763911,-0.204399175934431,-2.55484123882155,-4.17331750314991,-2.72050193731202,-2.80877693944864,-3.81105845610237,-0.318755932739155,-0.264146729684629,NA,0.64607949552831,-1.04869609779842,0.498055177167186,-0.051550547583292,-0.311346074149025,-0.679887031675325,-2.75677196955229,0.162280434530174
"UNC1215",1.80577707199284,1.63198238505493,3.70191513967627,2.78219075325386,2.16423736056892,2.0501898134459,2.70425201807069,1.78585722171459,2.90025488923939,1.97834193815624,1.37183669353212,NA,2.93787367292046,2.29137632561423,2.8286077512004,2.25116844628654,2.17457503207483,1.93262804040699,2.39991257674746,2.56382380030903
"SGC0946",1.0800650698986,1.4198682739437,2.82465210785839,2.16739710734168,1.51109592937972,1.35317381327078,2.01511947071521,0.589459889326229,1.89689080252559,1.27950506334562,1.63588133413781,NA,2.25551740796241,1.60049153857329,2.0985184470023,1.55707627181539,1.50299147328657,1.45026793613221,1.75084237849395,1.88718701335404
"XAV 939",1.50159076181235,3.06763187786118,5.31135305211037,3.31900631544936,3.26216802640987,2.66891640975365,4.0510888690297,3.48990701696525,3.2056967276537,3.58380439471053,4.15744876790655,NA,2.59477902865342,3.67902910997444,2.38169686927486,3.40275255524203,2.22697932468096,2.48662984716736,3.66493499178869,2.25386289420855
"PLX4720 (rescreen)",3.28435237044758,1.94456190994973,6.00450023267032,4.50566321654976,2.65748525443804,4.09213220792704,3.42039213555951,3.83077307782757,4.77492196049204,4.27171114963262,3.98517102076687,NA,4.28324153190697,4.56943536242708,4.77795608773852,2.80621925007818,4.04108359311245,1.67168831464802,1.78001763489871,2.86692398358115
"Trametinib",-5.35168634608221,-3.33938879428247,0.315398117720522,-1.24357668169162,-0.078737461777012,0.388776576270038,-4.88838225847498,1.467858509876,-0.855137354400767,0.443875489719059,0.656259268003155,NA,-0.808744054804656,-0.121197806518065,-3.03330308488534,-4.1738886416173,0.166483851016476,-4.62939966094035,-2.77556124622092,-0.0609299066340697
"Dabrafenib",-0.324481185532968,NA,5.63895406437705,1.78265127627275,1.12485394221208,3.73505984033174,3.05077567490849,1.4896227085611,4.75780331857213,4.27871307468192,4.3610105480734,NA,2.17766941813875,1.20247906716617,4.64565297665172,NA,3.36570466709706,-2.39937105595954,-2.21221626028193,4.48866667820656
"Temozolomide",5.20996356501782,4.69530901365903,7.10311252133843,6.24422603710264,5.60444744322862,5.19826549427816,5.9839815098751,4.1929036021592,6.00258107660968,5.38502654191705,5.68502785150038,NA,6.32452861162336,3.34475336279466,6.04796847306278,3.93962959198206,4.87340463028375,5.48974202340476,5.84528413413915,5.7439871565057
"Afatinib (rescreen)",4.01943850675564,4.36577759508589,5.85066136403927,2.80963486119774,3.82580051601634,3.77023246145517,3.68753701110241,3.32690726854543,4.18745100554005,3.4680562832545,4.85740050069265,NA,4.27057692640237,4.60091930799222,4.27343659427728,3.53376033820415,4.22350722307964,3.80548278722834,3.73219868798761,4.45736910335513
"Bleomycin (50 uM)",-0.91485286247369,-1.25102566138156,3.63554607671614,-1.13238743902083,1.42122397619203,-0.265290684382315,3.28077652832249,-2.19005430090341,3.40550591897534,3.83457963863921,3.48238871417291,NA,-0.537686875461279,-1.97653791485969,0.244785912459595,-0.415980875412752,-2.09062927546132,0.432359985889115,-0.719109146722367,0.584681328840765
"SN-38",-6.88370520170665,-7.14390110935826,-1.867290715577,-5.97067231310791,-7.18897722035052,-4.99887146024057,-4.13145636376846,-6.12014325341776,-2.67230556964589,-4.1749207769933,-4.389656754607,NA,-5.06388789096928,-6.54079815603309,-6.33826480116878,-6.7348689378829,-6.29335392425034,-5.33911050227956,-7.10387836823519,-4.82345800598166
"AZD-2281",2.10910120782255,1.82433455093602,5.75105290915544,1.8259017674285,1.34819280700272,2.46261068639172,3.21641051865747,1.93014758518085,4.23447402240047,3.03432566678087,4.24774975076183,NA,2.60498633467047,0.607268113833906,2.21176749765461,2.76171287671166,2.15280734072266,3.94991631176663,2.14917412483751,4.4544877293165
"AZD6244",-1.02714110481331,0.616940750787822,2.85797571707879,3.21526484696814,1.5920966668294,2.56601057476671,-0.696514880094155,2.87022876651054,2.08320388953479,2.54947265954844,3.5696457191916,NA,2.39580201550305,2.62431673736145,0.117088000121754,-0.15036954720995,1.5046141872813,-0.364461958477787,0.143741601794261,3.63575451007499
"Bicalutamide",3.30592381324268,4.23547364829167,6.00450023267032,4.43383932942124,4.23783164008732,3.30141313958333,4.81018773580568,3.10374959267159,4.89826864293676,3.89163833372541,4.42052239825856,NA,4.13108395090098,4.43798163636157,4.42847528889757,3.69340275321212,4.25922349314445,4.0126062070527,4.43929321553019,3.73964533937002
"RDEA119 (rescreen)",-0.321748513521091,0.344929272033476,2.06159256739506,1.9742948556293,2.23780868918951,2.59363412939214,-0.713601643966915,2.98278763101608,1.76169037432507,2.32161287435386,NA,NA,1.86552077637069,1.98445164610143,0.959805197060385,0.0155802621224397,2.15480447012628,-0.384370164593004,0.220593014163378,2.88713708546429
"GDC0941 (rescreen)",0.433617908795847,0.687956179101754,1.50632628360772,-0.573468175386601,-0.506295378037857,1.29330194870742,0.177086399102277,-0.191737048297131,0.769257494384535,-1.0021744817128,0.357796411238446,NA,-0.705791869669145,1.58190907406139,1.43131315239619,-1.59010607010574,-0.0508185793681378,-0.451414959293437,0.36065951151919,1.23842165230811
"MLN4924",-1.31344658039051,-3.3672588033863,2.87764487452801,-0.347386717521132,-2.04053611081084,0.983613290953674,0.405187756845021,NA,1.58203406085456,-1.12225354842,-0.424137304313423,NA,-1.24346099237738,-2.96461756478938,-0.936529952710198,-1.56693266644712,-2.40109501867551,-0.401790518666626,-1.06418937751611,-3.42952827104672
