"","EGFR","Hypoxia","JAK.STAT","MAPK","NFkB","PI3K","TGFb","TNFa","Trail","VEGF","p53"
"EGFR",0.417,0.334,0.415,0.305,0.249,0.114,0.18,0.151,0.507,0.454,0.095
"MTORC1",0.33,0.044,0.587,0.155,0.005,0.292,0.305,0.067,0.132,0.271,0.29
"PDGFR",0.077,0.442,0.088,0.003,0.033,0.366,0.173,0.048,0.288,0.219,0.04
"KIT",0.357,0.464,0.057,0.074,0.208,0.079,0.451,0.003,0.439,0.225,0.415
"VEGFR",0.136,0.087,0.053,0.588,0.027,0.184,0.508,0.002,0.3,0.064,0.085
"FLT3",0,0.455,0.356,0,0.002,0.066,0.112,0.111,0.305,0.174,0.445
"RET",0.008,0.246,0.053,0.03,0.061,0.459,0.453,0.023,0.159,0.363,0.419
"CSF1R",0,0.171,0.286,0.005,0.113,0.408,0.393,0.033,0.261,0.42,0.21
"MET",0.019,0.182,0.379,0.046,0.056,0.128,0.116,0.039,0.634,0.152,0.319
"Proteasome",0.198,0.42,0,0.042,0.006,0.267,0.321,0.098,0.162,0.212,0.316
"Microtubule stabiliser",0.473,0.323,0.042,0.018,0.106,0.486,0.422,0.08,0.255,0.166,0.152
"SMO",0.312,0.053,0.051,0.148,0.132,0.402,0.407,0.041,0.432,0.243,0.093
"BRAF",0.05,0.185,0.02,0.053,0.117,0.122,0.109,0.365,0.405,0.131,0.007
"AURKA",0.073,0.288,0.052,0.08,0.16,0.03,0.369,0.036,0.235,0.418,0.07
"AURKB",0.061,0.222,0.607,0.337,0.188,0.224,0.278,0.005,0.036,0.35,0.425
"AURKC",0.402,0.395,0.195,0.557,0.012,0.041,0.279,0.229,0.353,0.317,0.265
"ABL",0.001,0.091,0.246,0.003,0.018,0.145,0.185,0,0.155,0.487,0.157
"ALK",0.325,0.328,0.125,0.005,0.006,0.096,0.152,0.005,0.389,0.29,0.319
"SRC",0,0.173,0.13,0.015,0.311,0.338,0.296,0.003,0.399,0.189,0.379
"CDK1",0.046,0.347,0.082,0.007,0.491,0.329,0.454,0.317,0.236,0.241,0.006
"CDK2",0.321,0.123,0.289,0.025,0.014,0.001,0.185,0.13,0.591,0.644,0.089
"CDK5",0.163,0.254,0.109,0.198,0.136,0.03,0.238,0.337,0.144,0.014,0.412
"CDK7",0.321,0.281,0.424,0.042,0.133,0.108,0.128,0.002,0.482,0.444,0.217
"CDK9",0,0.529,0.13,0.001,0.311,0.111,0.482,0.01,0.003,0.208,0.047
"PKC",0.026,0.109,0.018,0.008,0.113,0.019,0.437,0.418,0.182,0.169,0.112
"CDK4",0,0.302,0.117,0,0.281,0.273,0.422,0.248,0.273,0.103,0.009
"LCK",0.048,0.17,0.363,0.015,0.33,0.288,0.18,0.31,0.063,0.044,0.334
"BMX",0.216,0.282,0.02,0.031,0.402,0.066,0.284,0.02,0.362,0.321,0.103
"PLK1",0.05,0.258,0.004,0.005,0.022,0.514,0.246,0.154,0.527,0.319,0.01
"PLK3",0,0.431,0.036,0.086,0.148,0.541,0.199,0.008,0.499,0.482,0.395
"IGF1R",0.158,0.514,0.142,0.285,0.062,0.162,0.374,0,0.238,0.22,0.127
"IR",0.211,0.293,0.115,0.114,0.196,0.339,0.249,0.11,0.085,0.373,0.414
"MTOR",0.039,0.021,0.288,0.401,0.203,0.253,0.322,0.286,0.321,0.232,0.186
"AKT1",0.315,0.272,0.083,0.366,0,0.421,0.126,0,0.393,0.19,0.459
"AKT2",0.216,0.433,0.138,0.096,0.109,0.157,0.305,0.139,0.463,0.227,0.28
"AKT3",0.277,0.083,0.096,0.116,0.096,0.075,0.485,0,0.215,0.294,0.266
"HDAC1",0.338,0.267,0.453,0.315,0.425,0.037,0.274,0.042,0.184,0.476,0.042
"IKK",0.231,0.099,0.438,0.02,0.135,0.227,0.236,0.294,0.029,0.259,0.112
"PI3Kbeta",0.077,0.501,0.355,0.27,0.018,0.061,0.214,0.005,0.487,0.122,0.155
"ERK5",0.475,0.396,0.29,0.092,0.493,0.04,0.348,0.187,0.033,0.415,0.345
"ERBB2",0.226,0.439,0.367,0.042,0.039,0.164,0.453,0.18,0.27,0.336,0.007
"ROCK1",0.081,0.008,0.182,0.249,0.418,0.03,0.045,0.085,0.484,0.096,0.143
"ROCK2",0.068,0.115,0.06,0.062,0.118,0.035,0.27,0.156,0.417,0.204,0.119
"DNA crosslinker",0.201,0.357,0.104,0.048,0.395,0.465,0.109,0.494,0.296,0.03,0.137
"Microtubule destabiliser",0.11,0.072,0.109,0.152,0.023,0.569,0.547,0.013,0.209,0.235,0.496
"AR",0.486,0.18,0.073,0.049,0.208,0.231,0.194,0.036,0.442,0.222,0.239
"ATM",0.31,0.32,0.011,0.202,0.166,0.249,0.465,0.03,0.283,0.092,0.081
"FLT1",0.238,0.237,0.034,0.059,0.277,0.25,0.084,0.016,0.452,0.088,0.368
"GSK3A",0.02,0.195,0.34,0.01,0.135,0.004,0.24,0.033,0.51,0.567,0.34
"GSK3B",0.258,0.152,0.07,0.318,0.385,0.254,0.165,0.357,0.123,0.33,0.397
"PDGFRA",0.094,0.106,0.006,0.373,0.139,0.008,0.124,0.478,0.382,0.476,0.266
"VEGFR2",0.255,0.524,0.099,0.328,0.367,0.174,0.387,0.025,0.12,0.4,0.235
"FGFR1",0.393,0.32,0.013,0.423,0.036,0.134,0.201,0,0.087,0.378,0.129
"TIE2",0.005,0.234,0.018,0.011,0.08,0.233,0.334,0.102,0.521,0.152,0.424
"JNK2",0.062,0.103,0.544,0.044,0.083,0.014,0.14,0.003,0.14,0.378,0.237
"BRD2",0.328,0.332,0.014,0.431,0.383,0.174,0.425,0.297,0.14,0.115,0.412
"BRD3",0.257,0.234,0.33,0.209,0.199,0.058,0.229,0.018,0.281,0.306,0.191
"BRD4",0.377,0.29,0.091,0.29,0.41,0.02,0.367,0.194,0.127,0.268,0.514
"BRDT",0.004,0.321,0.054,0.169,0.464,0.255,0.401,0.38,0.369,0.178,0.255
"FNTA",0.268,0.516,0.158,0.015,0.22,0.06,0.102,0.435,0.291,0.499,0.233
"PDK1 (PDPK1)",0.5,0.212,0,0.362,0.398,0.17,0.339,0.016,0.273,0.47,0.061
"BCL2",0.053,0.375,0.082,0.038,0.221,0.237,0.049,0.428,0.253,0.303,0.131
"BCL-XL",0.329,0.347,0.018,0.525,0.579,0.222,0.068,0.054,0.383,0.5,0.427
"BCL-W",0.054,0.203,0.468,0.011,0.434,0.031,0.508,0.36,0.128,0.294,0.518
"MCL1",0.128,0.148,0.327,0.009,0.173,0.015,0.124,0.196,0.248,0.376,0.418
"dsDNA break",0.104,0.133,0.157,0.044,0.304,0.2,0.421,0.251,0.445,0.123,0.376
"BTK",0.35,0.482,0.308,0.351,0.292,0.043,0.51,0.456,0.083,0.058,0.166
"HSP90",0.055,0.123,0.283,0.043,0.007,0.072,0.422,0.026,0.48,0.296,0.01
"PDGFRB",0.461,0.324,0.01,0.288,0.193,0.317,0.459,0.44,0.035,0.214,0.347
"IKK2",0,0.536,0.011,0.071,0.21,0.376,0.15,0.018,0.276,0.489,0.075
"Amyloid beta20",0.089,0.538,0.403,0.107,0,0.042,0.557,0,0.102,0.117,0.539
"Amyloid beta40",0.208,0.434,0.291,0.063,0.569,0.08,0.226,0.367,0.08,0.059,0.341
"JAK2",0.04,0.404,0.08,0.019,0.173,0.028,0.182,0.173,0.368,0.53,0.012
"JNK1",0.369,0.076,0.525,0.363,0.234,0.099,0.431,0.011,0.103,0.445,0.04
"CDK6",0,0.414,0.071,0,0.286,0.27,0.261,0.165,0.042,0.383,0.001
"PI3K (class 1)",0.086,0.445,0.447,0.44,0.049,0.07,0.132,0.048,0.452,0.463,0.167
"PI3Kgamma",0.352,0.052,0,0.447,0.204,0.134,0.31,0.236,0.167,0.277,0.192
"RSK",0.062,0.138,0.065,0.227,0.218,0.203,0.343,0.15,0.553,0.036,0.229
"G9a and GLP",0.018,0.014,0.066,0.007,0.04,0.01,0.043,0.019,0.116,0.103,0.313
"FLT4",0.013,0.168,0.511,0.009,0.564,0.039,0.301,0.008,0.032,0.492,0.005
"NTRK2",0.291,0.44,0.307,0.484,0.018,0.012,0.229,0.007,0.043,0.441,0.209
"LTK",0.003,0.095,0.014,0.006,0.505,0.226,0.137,0.194,0.267,0.202,0.051
"TAK1",0.028,0.4,0.045,0.001,0.224,0.167,0.283,0.331,0.178,0.301,0.165
"ERK2",0.552,0.175,0.015,0.085,0.387,0.023,0.162,0.282,0.257,0.401,0.037
"HDAC6",0.126,0.462,0.439,0.205,0.244,0.224,0.377,0.047,0.223,0.456,0.003
"VEGFR1",0.055,0.401,0.066,0.043,0.368,0.468,0.427,0,0.001,0.424,0.341
"VEGFR3",0.014,0.248,0.189,0.026,0.528,0.126,0.492,0.467,0.492,0.355,0.256
"MTORC2",0.172,0.263,0.124,0.169,0.102,0.048,0.414,0.044,0.503,0.005,0.368
"PIM3",0.33,0.218,0.103,0.134,0.438,0.215,0.068,0.247,0.003,0.497,0.428
"ALK5",0.035,0.448,0.179,0.033,0.056,0.024,0.438,0.171,0.196,0.341,0.297
"TNKS1",0.365,0.465,0.139,0.418,0.039,0.211,0.281,0.251,0.414,0.016,0.292
"TNKS2",0.153,0.036,0.028,0.096,0.25,0.482,0.289,0.063,0.175,0.514,0.017
"TOP1",0.407,0.091,0.276,0.271,0.069,0.172,0.042,0.438,0.309,0.019,0.099
"Antimetabolite",0.013,0.391,0.22,0.032,0.014,0.325,0.356,0.048,0.071,0.023,0.017
"MEK1",0.413,0.253,0.434,0.376,0.166,0.098,0.318,0.005,0.3,0.337,0.011
"MEK2",0.015,0.297,0.091,0.3,0.038,0.022,0.128,0.257,0.041,0.309,0.007
"PARP1",0.336,0.401,0.219,0.237,0.258,0.11,0.113,0.339,0.207,0.368,0.101
"PARP2",0.031,0.362,0.004,0.003,0.272,0.039,0.078,0.208,0.372,0.105,0.007
"CHEK1",0.001,0.356,0.422,0.003,0.113,0.597,0.061,0.022,0.001,0.035,0.005
"NTRK1",0.276,0.131,0.008,0.26,0.083,0.194,0.278,0,0.246,0.127,0.557
"p38",0.002,0.425,0.208,0.002,0.422,0.521,0.496,0.015,0.357,0.224,0.219
"MDM2",0.005,0.371,0.457,0.005,0.178,0.008,0.44,0.139,0.412,0.343,0.188
