"","EGFR","Hypoxia","JAK.STAT","MAPK","NFkB","PI3K","TGFb","TNFa","Trail","VEGF","p53"
"EGFR",1,1,1,1,1,1,1,1,1,1,1
"MTORC1",1,0.730810317460317,1,1,0.166093253968254,1,1,0.741883201058201,1,1,1
"PDGFR",0.487206878306878,1,0.487206878306878,0.0996559523809524,0.39862380952381,1,0.82097522675737,0.39862380952381,1,0.90936056547619,0.39862380952381
"KIT",1,1,0.656068353174603,0.656068353174603,1,0.656068353174603,1,0.0996559523809524,1,1,1
"VEGFR",0.645390929705215,0.481670436507936,0.481670436507936,1,0.448451785714286,0.764028968253968,1,0.0664373015873016,1,0.481670436507936,0.481670436507936
"FLT3",0,1,1,0,0.0221457671957672,0.548107738095238,0.620081481481481,0.620081481481481,1,0.82572074829932,1
"RET",0.265749206349206,1,0.40526753968254,0.332186507936508,0.40526753968254,1,1,0.332186507936508,0.880294246031746,1,1
"CSF1R",0,1,1,0.083046626984127,0.938426884920635,1,1,0.365405158730159,1,1,1
"MET",0.465061111111111,0.755724305555556,1,0.465061111111111,0.465061111111111,0.70866455026455,0.70866455026455,0.465061111111111,1,0.721319274376417,1
"Proteasome",1,1,0,0.465061111111111,0.0996559523809524,1,1,0.813856944444445,1,1,1
"Microtubule stabiliser",1,1,0.697591666666667,0.597935714285714,0.880294246031746,1,1,0.880294246031746,1,0.919049338624339,0.919049338624339
"SMO",1,0.586862830687831,0.586862830687831,0.819393386243386,0.819393386243386,1,1,0.586862830687831,1,1,0.772333630952381
"BRAF",0.440147123015873,0.682827821869489,0.332186507936508,0.440147123015873,0.543955406746032,0.543955406746032,0.543955406746032,1,1,0.543955406746032,0.232530555555556
"AURKA",0.442915343915344,1,0.442915343915344,0.442915343915344,0.759283446712018,0.442915343915344,1,0.442915343915344,0.975797867063492,1,0.442915343915344
"AURKB",0.6754458994709,1,1,1,1,1,1,0.166093253968254,0.597935714285714,1,1
"AURKC",1,1,1,1,0.39862380952381,0.680982341269841,1,1,1,1,1
"ABL",0.0166093253968254,0.604579444444444,0.81717880952381,0.0332186507936508,0.149483928571429,0.651916021825397,0.682827821869489,0,0.651916021825397,1,0.651916021825397
"ALK",1,1,0.83046626984127,0.0664373015873016,0.0664373015873016,0.797247619047619,0.841539153439153,0.0664373015873016,1,1,1
"SRC",0,1,1,0.166093253968254,1,1,1,0.0498279761904762,1,1,1
"CDK1",0.509352645502645,1,0.680982341269841,0.116265277777778,1,1,1,1,1,1,0.116265277777778
"CDK2",1,0.719737433862434,1,0.27682208994709,0.232530555555556,0.0332186507936508,0.877921485260771,0.719737433862434,1,1,0.719737433862434
"CDK5",0.902440013227513,0.937504144620811,0.902440013227513,0.937504144620811,0.902440013227513,0.498279761904762,0.937504144620811,1,0.902440013227513,0.465061111111111,1
"CDK7",1,1,1,0.697591666666667,0.883616111111111,0.883616111111111,0.883616111111111,0.0664373015873016,1,1,1
"CDK9",0,1,0.616917800453515,0.0166093253968254,1,0.61454503968254,1,0.083046626984127,0.0332186507936508,0.863684920634921,0.312255317460317
"PKC",0.21592123015873,0.536243934240363,0.210384788359788,0.210384788359788,0.536243934240363,0.210384788359788,1,1,0.671754938271605,0.671754938271605,0.536243934240363
"CDK4",0,1,0.777316428571429,0,1,1,1,1,1,0.777316428571429,0.0996559523809524
"LCK",0.52319375,0.996559523809524,1,0.498279761904762,1,1,0.996559523809524,1,0.52319375,0.52319375,1
"BMX",1,1,0.332186507936508,0.343259391534392,1,0.548107738095238,1,0.332186507936508,1,1,0.684304206349206
"PLK1",0.332186507936508,1,0.083046626984127,0.083046626984127,0.182702579365079,1,1,0.852612037037037,1,1,0.110728835978836
"PLK3",0,1,0.398623809523809,0.714200992063492,0.983272063492064,1,1,0.132874603174603,1,1,1
"IGF1R",0.896903571428571,1,0.896903571428571,1,0.896903571428571,0.896903571428571,1,0,0.988254861111111,0.988254861111111,0.896903571428571
"IR",1,1,0.95503621031746,0.95503621031746,1,1,1,0.95503621031746,0.95503621031746,1,1
"MTOR",0.647763690476191,0.647763690476191,1,1,1,1,1,1,1,1,1
"AKT1",1,1,0.919049338624339,1,0,1,1,0,1,1,1
"AKT2",1,1,1,1,1,1,1,1,1,1,1
"AKT3",0.976628333333333,0.637798095238095,0.637798095238095,0.642227248677249,0.637798095238095,0.637798095238095,1,0,0.976628333333333,0.976628333333333,0.976628333333333
"HDAC1",1,1,1,1,1,0.465061111111111,1,0.465061111111111,1,1,0.465061111111111
"IKK",0.955958950617284,0.896903571428572,1,0.481670436507937,0.896903571428572,0.955958950617284,0.955958950617284,0.976628333333333,0.481670436507937,0.955958950617284,0.896903571428572
"PI3Kbeta",0.639459027777778,1,1,1,0.298967857142857,0.639459027777778,1,0.166093253968254,1,0.810535079365079,0.858148478835979
"ERK5",1,1,1,1,1,0.664373015873016,1,1,0.664373015873016,1,1
"ERBB2",1,1,1,0.465061111111111,0.465061111111111,1,1,1,1,1,0.232530555555556
"ROCK1",0.531498412698413,0.265749206349206,0.755724305555556,0.919049338624339,1,0.498279761904762,0.498279761904762,0.531498412698413,1,0.531498412698413,0.678609580498866
"ROCK2",0.564717063492063,0.564717063492063,0.564717063492063,0.564717063492063,0.564717063492063,0.564717063492063,0.896903571428572,0.647763690476191,1,0.752956084656085,0.564717063492063
"DNA crosslinker",1,1,0.905208234126984,0.797247619047619,1,1,0.905208234126984,1,1,0.797247619047619,0.910191031746032
"Microtubule destabiliser",0.730810317460318,0.730810317460318,0.730810317460318,0.841539153439153,0.382014484126984,1,1,0.382014484126984,0.975797867063492,0.975797867063492,1
"AR",1,0.882139726631393,0.808320502645503,0.808320502645503,0.882139726631393,0.882139726631393,0.882139726631393,0.808320502645503,1,0.882139726631393,0.882139726631393
"ATM",1,1,0.365405158730159,1,1,1,1,0.498279761904762,1,0.764028968253968,0.764028968253968
"FLT1",1,1,0.564717063492064,0.584648253968254,1,1,0.584648253968254,0.531498412698413,1,0.584648253968254,1
"GSK3A",0.221457671957672,1,1,0.166093253968254,0.896903571428572,0.132874603174603,1,0.274053869047619,1,1,1
"GSK3B",1,1,1,1,1,1,1,1,1,1,1
"PDGFRA",0.76956541005291,0.76956541005291,0.132874603174603,1,0.76956541005291,0.132874603174603,0.76956541005291,1,1,1,1
"VEGFR2",1,1,1,1,1,1,1,0.83046626984127,1,1,1
"FGFR1",1,1,0.21592123015873,1,0.398623809523809,0.741883201058201,0.953849829931973,0,0.722505654761905,1,0.741883201058201
"TIE2",0.166093253968254,0.971645535714286,0.199311904761905,0.182702579365079,0.664373015873016,0.971645535714286,1,0.677660476190476,1,0.841539153439153,1
"JNK2",0.514889087301587,0.570253505291005,1,0.487206878306878,0.551429603174603,0.232530555555556,0.581326388888889,0.0996559523809524,0.581326388888889,1,0.874757804232804
"BRD2",1,1,0.465061111111111,1,1,1,1,1,1,1,1
"BRD3",0.996559523809524,0.996559523809524,0.996559523809524,0.996559523809524,0.996559523809524,0.963340873015873,0.996559523809524,0.597935714285714,0.996559523809524,0.996559523809524,0.996559523809524
"BRD4",1,1,1,1,1,0.664373015873016,1,1,1,1,1
"BRDT",0.132874603174603,1,0.896903571428571,1,1,1,1,1,1,1,1
"FNTA",1,1,1,0.498279761904762,1,0.996559523809524,1,1,1,1,1
"PDK1 (PDPK1)",1,1,0,1,1,1,1,0.265749206349206,1,1,0.6754458994709
"BCL2",0.586862830687831,1,0.680982341269841,0.586862830687831,1,1,0.586862830687831,1,1,1,0.870328650793651
"BCL-XL",1,1,0.597935714285714,1,1,1,0.752956084656085,0.752956084656085,1,1,1
"BCL-W",0.597935714285714,1,1,0.365405158730159,1,0.514889087301587,1,1,1,1,1
"MCL1",0.930122222222222,0.930122222222222,1,0.249139880952381,0.930122222222222,0.249139880952381,0.930122222222222,0.930122222222222,1,1,1
"dsDNA break",1,1,1,1,1,1,1,1,1,1,1
"BTK",1,1,1,1,1,0.919049338624339,1,1,0.919049338624339,0.919049338624339,1
"HSP90",0.365405158730159,0.583699149659864,1,0.357100496031746,0.166093253968254,0.398623809523809,1,0.287894973544974,1,1,0.166093253968254
"PDGFRB",1,1,0.332186507936508,1,1,1,1,1,0.581326388888889,1,1
"IKK2",0,1,0.182702579365079,0.498279761904762,0.996559523809524,1,0.83046626984127,0.199311904761905,1,1,0.498279761904762
"Amyloid beta20",0.555226020408163,1,1,0.555226020408163,0,0.465061111111111,1,0,0.555226020408163,0.555226020408163,1
"Amyloid beta40",1,1,1,0.664373015873016,1,0.664373015873016,1,1,0.664373015873016,0.664373015873016,1
"JAK2",0.332186507936508,1,0.531498412698413,0.310040740740741,0.755724305555556,0.310040740740741,0.755724305555556,0.755724305555556,1,1,0.310040740740741
"JNK1",1,0.684304206349206,1,1,1,0.684304206349206,1,0.365405158730159,0.684304206349206,1,0.664373015873016
"CDK6",0,1,0.471704841269841,0,1,1,1,0.913512896825397,0.348795833333333,1,0.0110728835978836
"PI3K (class 1)",0.714200992063492,1,1,1,0.714200992063492,0.714200992063492,0.876972380952381,0.714200992063492,1,1,0.92458578042328
"PI3Kgamma",1,0.863684920634921,0,1,1,1,1,1,1,1,1
"RSK",0.719737433862434,0.845230114638448,0.719737433862434,0.845230114638448,0.845230114638448,0.845230114638448,1,0.845230114638448,1,0.719737433862434,0.845230114638448
"G9a and GLP",0.126230873015873,0.126230873015873,0.274053869047619,0.126230873015873,0.204057426303855,0.126230873015873,0.204057426303855,0.126230873015873,0.385336349206349,0.380169003527337,0.945221608946609
"FLT4",0.107960615079365,0.797247619047619,1,0.0996559523809524,1,0.21592123015873,1,0.0996559523809524,0.212599365079365,1,0.0996559523809524
"NTRK2",1,1,1,1,0.199311904761905,0.199311904761905,1,0.199311904761905,0.357100496031746,1,1
"LTK",0.0996559523809524,0.631154365079365,0.15502037037037,0.0996559523809524,1,0.834157231040564,0.758492526455027,0.834157231040564,0.886937976190476,0.834157231040564,0.423537797619048
"TAK1",0.465061111111111,1,0.498279761904762,0.0332186507936508,1,0.98548664021164,1,1,0.98548664021164,1,0.98548664021164
"ERK2",1,0.968877314814815,0.382014484126984,0.705896329365079,1,0.382014484126984,0.968877314814815,1,1,1,0.409696693121693
"HDAC6",1,1,1,1,1,1,1,0.780638293650794,1,1,0.0996559523809524
"VEGFR1",0.438486190476191,1,0.438486190476191,0.438486190476191,1,1,1,0,0.0166093253968254,1,1
"VEGFR3",0.43184246031746,1,1,0.43184246031746,1,1,1,1,1,1,1
"MTORC2",0.816229705215419,1,0.816229705215419,0.816229705215419,0.816229705215419,0.531498412698413,1,0.531498412698413,1,0.166093253968254,1
"PIM3",1,1,1,1,1,1,1,1,0.0996559523809524,1,1
"ALK5",0.387550925925926,1,0.930122222222222,0.387550925925926,0.465061111111111,0.387550925925926,1,0.930122222222222,0.930122222222222,1,1
"TNKS1",1,1,1,1,0.647763690476191,1,1,1,1,0.531498412698413,1
"TNKS2",0.83046626984127,0.398623809523809,0.398623809523809,0.637798095238095,1,1,1,0.52319375,0.83046626984127,1,0.398623809523809
"TOP1",1,0.657729285714286,1,1,0.657729285714286,0.952267989417989,0.657729285714286,1,1,0.631154365079365,0.657729285714286
"Antimetabolite",0.188239021164021,1,0.913512896825397,0.212599365079365,0.188239021164021,1,1,0.265749206349206,0.336932029478458,0.191007242063492,0.188239021164021
"MEK1",1,1,1,1,1,1,1,0.166093253968254,1,1,0.182702579365079
"MEK2",0.243603439153439,0.9331420995671,0.503816203703704,0.9331420995671,0.272392936507937,0.243603439153439,0.607426757369614,0.9331420995671,0.272392936507937,0.9331420995671,0.232530555555556
"PARP1",1,1,1,1,1,1,1,1,1,1,1
"PARP2",0.257444543650794,1,0.0664373015873016,0.0664373015873016,1,0.259105476190476,0.43184246031746,0.863684920634921,1,0.498279761904762,0.0775101851851852
"CHEK1",0.0166093253968254,1,1,0.0332186507936508,0.469213442460317,1,0.289476814058957,0.146162063492064,0.0166093253968254,0.193775462962963,0.0415233134920635
"NTRK1",0.923478492063492,0.870328650793651,0.132874603174603,0.923478492063492,0.870328650793651,0.923478492063492,0.923478492063492,0,0.923478492063492,0.870328650793651,1
"p38",0.0332186507936508,1,1,0.0332186507936508,1,1,1,0.166093253968254,1,1,1
"MDM2",0.083046626984127,1,1,0.083046626984127,1,0.0885830687830688,1,1,1,1,1
