"","EGFR","Hypoxia","JAK.STAT","MAPK","NFkB","PI3K","TGFb","TNFa","Trail","VEGF","p53"
"EGFR",0.750741507936508,1,1,0.664373015873016,1,0.664373015873016,0.869221362433862,0.750741507936508,1,0.877921485260771,0.664373015873016
"MTORC1",0,1,0,0,0.182702579365079,0.967493204365079,1,0.958595351473923,0.81717880952381,1,0.958595351473923
"PDGFR",0.815702425044092,0.143947486772487,0.564717063492064,0.315577182539683,0,0.707082709750567,0.990519769119769,0,0.707082709750567,0.759876636904762,0.990519769119769
"KIT",0.813856944444444,0.813856944444444,0.0664373015873016,0.813856944444444,1,1,0.813856944444444,1,0.813856944444444,1,1
"VEGFR",0.0332186507936508,0.166093253968254,0.838770932539683,0.852612037037037,0.838770932539683,0.132874603174603,0.116265277777778,1,0.838770932539683,0.465061111111111,1
"FLT3",0.0996559523809524,0,1,0.0332186507936508,0.0775101851851852,0.793556657848325,1,0.12180171957672,0.112943412698413,0.244987549603175,0.142365646258503
"RET",0.0166093253968254,0.575789947089947,0.298967857142857,0,1,1,0.298967857142857,0.298967857142857,1,0.678609580498866,1
"CSF1R",0.332186507936508,1,0.61454503968254,1,0,1,1,0.21592123015873,1,1,1
"MET",1,0.826313938492064,0.826313938492064,0.826313938492064,0.826313938492064,0.826313938492064,1,0.826313938492064,1,0.826313938492064,0.826313938492064
"Proteasome",0,1,1,0.0166093253968254,0,1,0.226994113756614,0,0.0797247619047619,1,1
"Microtubule stabiliser",0.0442915343915344,0.591291984126984,0.186024444444444,0.503025283446712,0.0442915343915344,0.591291984126984,0.591291984126984,0,0.815366883116883,0.343259391534392,0.0996559523809524
"SMO",0.182702579365079,1,0.199311904761905,0.647763690476191,0,1,1,0,0.298967857142857,0.132874603174603,0.351168594104308
"BRAF",0.27682208994709,0.581326388888889,0.261596875,1,0,0.261596875,0.261596875,0.132874603174603,0.261596875,0.261596875,0.261596875
"AURKA",0.586862830687831,1,1,1,0.0664373015873016,1,1,0.664373015873016,0.586862830687831,1,1
"AURKB",0.0332186507936508,0.752956084656085,0.166093253968254,0,0.294222335600907,0.697591666666667,1,0.0664373015873016,1,0.107960615079365,0.166093253968254
"AURKC",1,1,1,1,0.498279761904762,1,1,1,0.498279761904762,1,1
"ABL",0.808320502645503,0.348795833333333,0.993237658730159,0.993237658730159,0.993237658730159,0.993237658730159,1,0.993237658730159,0.993237658730159,0.993237658730159,0.232530555555556
"ALK",0.240835218253968,0.558073333333333,0.761009090909091,0.240835218253968,0.0885830687830688,0.116265277777778,0.240835218253968,0,0.0885830687830688,0.339568430335097,0.240835218253968
"SRC",0.332186507936508,0.221457671957672,1,1,0,1,0.298967857142857,0,1,0.92458578042328,1
"CDK1",1,1,0,1,0.810535079365079,1,0.132874603174603,1,0.573021726190476,1,0.132874603174603
"CDK2",0.242021598639456,0.242021598639456,0.232530555555556,0.242021598639456,0.242021598639456,0.664373015873016,0.376478042328042,0,0.376478042328042,0.242021598639456,1
"CDK5",0.132874603174603,0.376478042328042,0.764028968253968,0.376478042328042,1,1,0.556412400793651,1,1,1,1
"CDK7",1,1,0.802784060846561,1,0.802784060846561,0.802784060846561,1,0.802784060846561,1,0.802784060846561,0.802784060846561
"CDK9",0,0.126230873015873,1,0.816229705215419,0,1,1,0,0.0913512896825397,0.764028968253968,1
"PKC",0.43184246031746,0.977577437641723,0.609008597883598,1,0,1,0.177166137566138,0,1,1,0.373709821428571
"CDK4",0.343259391534392,0.465061111111111,0.669118537414966,0.343259391534392,0.343259391534392,1,1,0.465061111111111,1,0.465061111111111,0.867837251984127
"LCK",0.348795833333333,0.348795833333333,0.348795833333333,0.588444671201814,0,1,0.348795833333333,0,0.751571974206349,1,1
"BMX",0,0.325542777777778,1,0.325542777777778,0.325542777777778,1,1,1,1,0.325542777777778,1
"PLK1",0,1,0.0221457671957672,0,1,1,1,1,1,0.498279761904762,0.551429603174603
"PLK3",0.0664373015873016,1,1,0.735555839002268,0.149483928571429,0.784790625,1,0.714200992063492,0.714200992063492,0.714200992063492,0.714200992063492
"IGF1R",0.803891349206349,0.394471478174603,0.292324126984127,0.394471478174603,0.232530555555556,0.394471478174603,1,0,0.083046626984127,0.671754938271605,0.232530555555556
"IR",1,1,1,1,0.852612037037037,0.852612037037037,1,0.852612037037037,1,1,1
"MTOR",0.0166093253968254,0.55364417989418,0.138411044973545,0.0332186507936508,0.0166093253968254,0.126230873015873,0.249139880952381,0.0332186507936508,1,1,0.249139880952381
"AKT1",1,0.310040740740741,1,1,1,0.310040740740741,1,1,1,1,0.265749206349206
"AKT2",0.963340873015873,0.437378902116402,0.437378902116402,0.963340873015873,0.437378902116402,0.970722795414462,0.437378902116402,0.437378902116402,0.199311904761905,0.976628333333333,1
"AKT3",0.0775101851851852,0,0.0166093253968254,0.876972380952381,0.546262257495591,0.30727251984127,0.546262257495591,0.546262257495591,0.438486190476191,1,0.514889087301587
"HDAC1",0,1,0.445129920634921,0,0.445129920634921,1,0.445129920634921,1,1,0.920631179138322,0.920631179138322
"IKK",1,0.653300132275132,0.653300132275132,0.653300132275132,0.631154365079365,0.653300132275132,0.653300132275132,0.653300132275132,1,0.653300132275132,0.653300132275132
"PI3Kbeta",1,0.289476814058957,0.0581326388888889,0.0442915343915344,0,0.701743998015873,0.0664373015873016,0,1,1,0.21592123015873
"ERK5",0.182702579365079,0.0664373015873016,0,0.0332186507936508,0.0166093253968254,0.59424475308642,0.182702579365079,0.473365773809524,0.773994563492064,1,0.303713378684807
"ERBB2",0.0332186507936508,0.836002711640212,0.365405158730159,0.656068353174603,1,1,1,0.84944835600907,0.836002711640212,0.365405158730159,1
"ROCK1",0.105192394179894,0.142365646258503,0.0498279761904762,0,0.0166093253968254,1,0.0498279761904762,0.0597935714285714,1,1,1
"ROCK2",0.704235396825397,0.055364417989418,0.704235396825397,0,0.055364417989418,1,1,1,1,0.858148478835979,1
"DNA crosslinker",1,1,1,1,1,1,1,1,1,1,1
"Microtubule destabiliser",0.325542777777778,0.812011463844797,0.325542777777778,0.507770804988662,0.232530555555556,0.325542777777778,0.325542777777778,0.387550925925926,0.820500674603175,0.812011463844797,0.936161976911977
"AR",0,1,1,0,1,1,0.710879126984127,1,0.0332186507936508,1,0.282358531746032
"ATM",0.531498412698413,0.166093253968254,1,1,1,0.21592123015873,0.531498412698413,0.968877314814815,1,1,0.968877314814815
"FLT1",0,1,0,0,0.160556812169312,1,0.160556812169312,0.141179265873016,1,1,1
"GSK3A",0.531498412698413,1,0.531498412698413,0.531498412698413,1,1,0.863684920634921,1,1,0.952267989417989,0.531498412698413
"GSK3B",0.322695464852608,0.322695464852608,0.448451785714286,1,0.322695464852608,0.922740299823633,0.322695464852608,0.166093253968254,0.322695464852608,1,0.166093253968254
"PDGFRA",1,0.232530555555556,0.373709821428571,1,0.149483928571429,1,1,0.644441825396825,1,0.149483928571429,1
"VEGFR2",0.160556812169312,0.685134672619048,0.441333503401361,0.0415233134920635,0.0415233134920635,0.0415233134920635,0.933444087301587,0.0332186507936508,0.786174735449735,1,0.132874603174603
"FGFR1",0,0.15502037037037,0.485822767857143,0,0,1,0.485822767857143,0.00664373015873016,0,1,0.70866455026455
"TIE2",0.083046626984127,0.284731292517007,0.812011463844797,0.0110728835978836,0,0.606240376984127,0.284731292517007,0,1,0.906869166666667,0.245818015873016
"JNK2",0.920631179138322,0.920631179138322,0.993237658730159,1,0.993237658730159,0.993237658730159,0.920631179138322,0.564717063492064,0.920631179138322,0.920631179138322,0.920631179138322
"BRD2",0.0664373015873016,0.616390520282187,0.860363055555556,0.0996559523809524,0.199311904761905,0.616390520282187,0.609008597883598,0.110728835978836,1,0.616390520282187,0.245818015873016
"BRD3",0.0664373015873016,0.688100623582766,0.0775101851851852,0.0996559523809524,1,0.152805793650794,0.942579216269841,1,0.0775101851851852,0.996559523809524,0.365405158730159
"BRD4",0.493534240362812,0.310040740740741,1,1,1,0.506584424603175,0.493534240362812,0.493534240362812,0.310040740740741,0.310040740740741,0.493534240362812
"BRDT",0.61454503968254,1,1,0.0332186507936508,0.61454503968254,0.936765952380952,1,0.116265277777778,1,1,1
"FNTA",0.323881845238095,0.571360793650794,0.323881845238095,1,0.0166093253968254,1,1,0,0.824929828042328,1,1
"PDK1 (PDPK1)",0,1,0.143947486772487,0,1,1,0.688100623582766,0.312255317460317,0.531498412698413,1,0.149483928571429
"BCL2",0.0166093253968254,1,0.0166093253968254,0.406928472222222,1,1,1,0.055364417989418,0.863684920634921,0.977577437641723,0.770672698412698
"BCL-XL",1,1,0.680982341269841,0.680982341269841,1,0.680982341269841,0.680982341269841,0.365405158730159,0.680982341269841,0.680982341269841,0.680982341269841
"BCL-W",1,0.453988227513228,0.453988227513228,0.852612037037037,1,1,1,0.453988227513228,0.597935714285714,0.481670436507937,1
"MCL1",0,1,0.143947486772487,0.143947486772487,1,1,1,1,0.305611587301587,0.305611587301587,1
"dsDNA break",1,1,1,1,1,1,1,1,1,1,1
"BTK",0.199311904761905,1,0.199311904761905,1,1,1,1,1,1,1,1
"HSP90",0.415233134920635,1,1,1,0.0442915343915344,1,1,0.0332186507936508,0.710879126984127,1,0.0442915343915344
"PDGFRB",1,0.406928472222222,0.867837251984127,0.406928472222222,0,0.936765952380952,0.504923492063492,0.0166093253968254,0.603472156084656,0.635899886621315,0.936765952380952
"IKK2",0.0166093253968254,1,1,0.298967857142857,0.0166093253968254,1,1,0.0332186507936508,0.930122222222222,1,1
"Amyloid beta20",1,1,1,1,0.979950198412698,1,1,1,1,1,0.465061111111111
"Amyloid beta40",1,1,1,1,1,1,1,1,1,1,1
"JAK2",0.204848346560847,0.659627494331066,0.12456994047619,0.12456994047619,0.842923263888889,0.978104717813051,0.12456994047619,1,0.12456994047619,1,0.126230873015873
"JNK1",1,0.0332186507936508,1,0.680982341269841,0.232530555555556,1,1,1,1,0.680982341269841,0.930122222222222
"CDK6",0.0332186507936508,0.315577182539683,0.83711,0.756647045855379,0.548107738095238,0.570253505291005,0.548107738095238,0.607426757369614,1,0.570253505291005,0.756647045855379
"PI3K (class 1)",0.730810317460317,0.597935714285714,0.996559523809524,0.996559523809524,1,0.083046626984127,0.0332186507936508,1,0.597935714285714,0.730810317460317,0.597935714285714
"PI3Kgamma",0.0498279761904762,0.260212764550265,0.627002033730159,0,1,0.379641723356009,0.260212764550265,0.260212764550265,0.260212764550265,1,1
"RSK",0,1,0,0.188239021164021,0.847075595238095,1,1,0.21592123015873,1,0.901649092970522,0.847075595238095
"G9a and GLP",0,0.083046626984127,0.848921075837743,0.15502037037037,0.940087817460317,0.382014484126984,1,0.451773650793651,0.703128108465608,0.848921075837743,0.848921075837743
"FLT4",0.0885830687830688,0.321113624338624,0.738192239858907,0.0332186507936508,0.132874603174603,0.474552154195011,0.083046626984127,0.738192239858907,1,1,0.321113624338624
"NTRK2",0,1,0.0664373015873016,0.0775101851851852,0.968086394557823,0.293431415343915,1,1,0.293431415343915,0.293431415343915,1
"LTK",0,1,0.0110728835978836,0,0.778792813051146,0.272392936507937,0.272392936507937,0.778792813051146,0.525961970899471,1,0.778792813051146
"TAK1",0.0442915343915344,0.465061111111111,1,0.0166093253968254,0.672677678571429,1,0.469806632653061,0.0863684920634921,0,1,0.083046626984127
"ERK2",1,0.39862380952381,1,0.224225892857143,1,1,1,0.224225892857143,0.224225892857143,1,0.224225892857143
"HDAC6",0.0664373015873016,1,1,0.487206878306878,1,1,1,1,0.487206878306878,1,1
"VEGFR1",1,1,1,1,1,1,1,1,1,1,1
"VEGFR3",0.210384788359788,1,0.210384788359788,0.282358531746032,0.210384788359788,1,0.484992301587302,0.585478720238095,0.585478720238095,0.564717063492063,0.767719929453263
"MTORC2",0,0.179380714285714,0.0885830687830688,0,0.901649092970522,0.238066997354497,0.141179265873016,1,1,1,1
"PIM3",0.810535079365079,1,1,0.810535079365079,1,0.810535079365079,0.810535079365079,0.885830687830688,0.810535079365079,1,1
"ALK5",1,1,1,0.852612037037037,0.0166093253968254,0.340491170634921,0.340491170634921,0.0166093253968254,1,1,0.451773650793651
"TNKS1",0.754537925170068,0.243603439153439,0.952267989417989,0.243603439153439,0.243603439153439,1,0.340491170634921,0.754537925170068,0.754537925170068,1,0.842923263888889
"TNKS2",0,1,0.0664373015873016,0,0.0664373015873016,1,0.0664373015873016,0.0775101851851852,1,1,1
"TOP1",1,1,1,1,1,1,1,1,1,1,1
"Antimetabolite",0,1,1,1,1,1,1,1,1,0.963340873015873,1
"MEK1",0.12180171957672,1,1,0,1,0.83046626984127,0.83046626984127,0.0664373015873016,0.83046626984127,1,0.83046626984127
"MEK2",0,1,0.815702425044092,0,0.552260069444445,1,0.40336933106576,0.293431415343915,0.293431415343915,0.293431415343915,0.0332186507936508
"PARP1",0.813856944444445,1,1,0.896903571428571,1,1,1,1,1,1,0.813856944444445
"PARP2",1,0.491636031746032,0.116265277777778,0.525961970899471,0.243603439153439,0.559971541950113,1,0.116265277777778,1,1,0.491636031746032
"CHEK1",0,1,1,0.0332186507936508,0.725273875661376,1,1,1,0.39862380952381,0.0885830687830688,0.725273875661376
"NTRK1",0.442915343915344,1,1,1,0.442915343915344,1,0.442915343915344,0.714200992063492,1,0.896903571428572,1
"p38",0.714200992063492,1,1,1,1,1,0.714200992063492,1,0.896903571428571,1,1
"MDM2",0.0498279761904762,0.806738662131519,0.274053869047619,0.254676322751323,0.934274553571429,1,0.725273875661376,1,0.725273875661376,1,0
