"","EGFR","Hypoxia","JAK.STAT","MAPK","NFkB","PI3K","TGFb","TNFa","Trail","VEGF","p53"
"EGFR",0.113,0.363,0.313,0.06,0.36,0.043,0.157,0.105,0.393,0.185,0.026
"MTORC1",0,0.508,0,0,0.022,0.233,0.582,0.202,0.123,0.459,0.182
"PDGFR",0.221,0.013,0.085,0.038,0,0.149,0.304,0,0.139,0.183,0.328
"KIT",0.092,0.132,0.002,0.106,0.341,0.306,0.086,0.225,0.147,0.388,0.458
"VEGFR",0.001,0.02,0.156,0.231,0.202,0.012,0.007,0.369,0.181,0.07,0.41
"FLT3",0.012,0,0.345,0.002,0.007,0.215,0.681,0.022,0.017,0.059,0.03
"RET",0.001,0.104,0.033,0,0.421,0.261,0.042,0.045,0.541,0.143,0.339
"CSF1R",0.03,0.328,0.074,0.278,0,0.359,0.637,0.013,0.153,0.251,0.205
"MET",0.343,0.199,0.117,0.046,0.18,0.149,0.539,0.178,0.272,0.051,0.139
"Proteasome",0,0.222,0.439,0.002,0,0.282,0.041,0,0.012,0.677,0.34
"Microtubule stabiliser",0.003,0.153,0.028,0.106,0.004,0.178,0.178,0,0.27,0.062,0.012
"SMO",0.022,0.559,0.03,0.156,0,0.624,0.662,0,0.054,0.012,0.074
"BRAF",0.075,0.175,0.058,0.483,0,0.037,0.063,0.008,0.041,0.051,0.024
"AURKA",0.039,0.345,0.223,0.487,0.002,0.415,0.328,0.08,0.053,0.606,0.421
"AURKB",0.002,0.204,0.029,0,0.062,0.168,0.413,0.006,0.451,0.013,0.03
"AURKC",0.329,0.529,0.325,0.59,0.022,0.339,0.283,0.5,0.03,0.377,0.486
"ABL",0.073,0.021,0.183,0.26,0.133,0.261,0.397,0.274,0.228,0.299,0.007
"ALK",0.042,0.168,0.252,0.051,0.008,0.014,0.045,0,0.007,0.092,0.058
"SRC",0.05,0.02,0.563,0.675,0,0.517,0.036,0,0.557,0.167,0.648
"CDK1",0.483,0.362,0,0.451,0.122,0.467,0.012,0.441,0.069,0.229,0.009
"CDK2",0.037,0.051,0.014,0.047,0.043,0.2,0.102,0,0.092,0.045,0.442
"CDK5",0.004,0.028,0.115,0.034,0.276,0.394,0.067,0.358,0.184,0.263,0.294
"CDK7",0.468,0.54,0.12,0.479,0.145,0.136,0.327,0.108,0.233,0.031,0.065
"CDK9",0,0.019,0.419,0.172,0,0.543,0.574,0,0.011,0.138,0.654
"PKC",0.065,0.206,0.11,0.267,0,0.583,0.016,0,0.333,0.648,0.045
"CDK4",0.031,0.066,0.141,0.013,0.029,0.527,0.409,0.084,0.338,0.084,0.209
"LCK",0.042,0.054,0.05,0.124,0,0.414,0.063,0,0.181,0.377,0.452
"BMX",0,0.039,0.278,0.021,0.04,0.555,0.319,0.231,0.346,0.049,0.412
"PLK1",0,0.475,0.002,0,0.488,0.276,0.459,0.205,0.373,0.06,0.083
"PLK3",0.002,0.615,0.4,0.155,0.009,0.189,0.541,0.089,0.101,0.129,0.129
"IGF1R",0.242,0.095,0.044,0.085,0.021,0.093,0.567,0,0.005,0.182,0.028
"IR",0.128,0.232,0.585,0.448,0.062,0.035,0.167,0.077,0.586,0.501,0.234
"MTOR",0.001,0.15,0.025,0.004,0.001,0.019,0.06,0.003,0.434,0.733,0.056
"AKT1",0.254,0.028,0.236,0.3,0.32,0.023,0.653,0.286,0.507,0.306,0.008
"AKT2",0.232,0.073,0.058,0.219,0.032,0.263,0.079,0.047,0.006,0.294,0.609
"AKT3",0.007,0,0.001,0.264,0.145,0.037,0.148,0.12,0.066,0.419,0.093
"HDAC1",0,0.388,0.06,0,0.057,0.557,0.067,0.405,0.447,0.194,0.188
"IKK",0.395,0.133,0.177,0.086,0.019,0.158,0.132,0.151,0.41,0.114,0.078
"PI3Kbeta",0.394,0.061,0.007,0.004,0,0.169,0.01,0,0.342,0.548,0.039
"ERK5",0.029,0.008,0,0.003,0.001,0.161,0.033,0.114,0.233,0.448,0.064
"ERBB2",0.001,0.127,0.028,0.079,0.317,0.269,0.407,0.179,0.151,0.033,0.33
"ROCK1",0.019,0.03,0.006,0,0.001,0.432,0.005,0.009,0.241,0.447,0.278
"ROCK2",0.106,0.005,0.093,0,0.005,0.317,0.295,0.241,0.224,0.155,0.374
"DNA crosslinker",0.39,0.457,0.106,0.445,0.08,0.425,0.13,0.353,0.19,0.369,0.302
"Microtubule destabiliser",0.038,0.213,0.031,0.107,0.007,0.048,0.049,0.07,0.247,0.22,0.31
"AR",0,0.251,0.409,0,0.38,0.353,0.107,0.331,0.003,0.303,0.034
"ATM",0.052,0.005,0.491,0.429,0.27,0.013,0.064,0.175,0.464,0.37,0.149
"FLT1",0,0.228,0,0,0.026,0.536,0.029,0.017,0.559,0.531,0.313
"GSK3A",0.019,0.346,0.049,0.038,0.28,0.441,0.13,0.269,0.423,0.172,0.064
"GSK3B",0.053,0.035,0.108,0.348,0.066,0.25,0.043,0.01,0.068,0.39,0.006
"PDGFRA",0.582,0.021,0.045,0.322,0.009,0.454,0.654,0.097,0.31,0.008,0.645
"VEGFR2",0.029,0.165,0.093,0.004,0.003,0.005,0.281,0.001,0.213,0.458,0.02
"FGFR1",0,0.028,0.105,0,0,0.415,0.117,0.001,0,0.472,0.192
"TIE2",0.01,0.06,0.22,0.001,0,0.146,0.056,0,0.646,0.273,0.037
"JNK2",0.117,0.176,0.299,0.394,0.286,0.264,0.161,0.017,0.194,0.156,0.157
"BRD2",0.002,0.153,0.259,0.006,0.024,0.167,0.11,0.01,0.547,0.161,0.037
"BRD3",0.002,0.145,0.005,0.012,0.622,0.023,0.227,0.628,0.007,0.27,0.066
"BRD4",0.095,0.011,0.363,0.296,0.545,0.122,0.074,0.104,0.021,0.028,0.091
"BRDT",0.067,0.569,0.221,0.001,0.074,0.141,0.363,0.007,0.388,0.541,0.588
"FNTA",0.033,0.086,0.039,0.33,0.001,0.278,0.423,0,0.149,0.642,0.52
"PDK1 (PDPK1)",0,0.319,0.013,0,0.435,0.397,0.145,0.047,0.096,0.369,0.018
"BCL2",0.001,0.32,0.001,0.049,0.258,0.603,0.505,0.005,0.156,0.206,0.116
"BCL-XL",0.486,0.479,0.063,0.164,0.55,0.09,0.045,0.011,0.159,0.113,0.132
"BCL-W",0.428,0.04,0.041,0.154,0.213,0.294,0.306,0.017,0.09,0.058,0.301
"MCL1",0,0.637,0.013,0.013,0.667,0.208,0.412,0.221,0.046,0.042,0.456
"dsDNA break",0.206,0.094,0.54,0.547,0.385,0.54,0.572,0.224,0.18,0.232,0.065
"BTK",0.007,0.489,0.012,0.158,0.248,0.309,0.42,0.41,0.222,0.276,0.211
"HSP90",0.05,0.563,0.604,0.216,0.003,0.733,0.334,0.001,0.107,0.599,0.004
"PDGFRB",0.508,0.049,0.209,0.037,0,0.282,0.076,0.001,0.109,0.134,0.271
"IKK2",0.001,0.188,0.539,0.036,0.001,0.237,0.467,0.003,0.14,0.265,0.413
"Amyloid beta20",0.287,0.336,0.17,0.21,0.059,0.171,0.273,0.334,0.341,0.377,0.014
"Amyloid beta40",0.054,0.397,0.449,0.35,0.175,0.153,0.42,0.313,0.388,0.221,0.109
"JAK2",0.037,0.139,0.013,0.015,0.203,0.265,0.014,0.324,0.007,0.404,0.019
"JNK1",0.37,0.001,0.299,0.071,0.014,0.367,0.563,0.518,0.333,0.082,0.14
"CDK6",0.001,0.019,0.252,0.189,0.051,0.094,0.066,0.128,0.415,0.103,0.205
"PI3K (class 1)",0.146,0.09,0.253,0.27,0.63,0.005,0.001,0.623,0.072,0.154,0.068
"PI3Kgamma",0.003,0.044,0.151,0,0.45,0.08,0.034,0.026,0.047,0.376,0.575
"RSK",0,0.38,0,0.017,0.139,0.346,0.392,0.026,0.342,0.19,0.153
"G9a and GLP",0,0.005,0.23,0.014,0.283,0.046,0.386,0.068,0.127,0.226,0.183
"FLT4",0.008,0.058,0.2,0.001,0.016,0.1,0.005,0.195,0.474,0.429,0.05
"NTRK2",0,0.414,0.004,0.007,0.204,0.037,0.279,0.571,0.053,0.046,0.261
"LTK",0,0.406,0.001,0,0.187,0.035,0.041,0.198,0.095,0.48,0.211
"TAK1",0.004,0.084,0.29,0.001,0.162,0.375,0.099,0.013,0,0.529,0.01
"ERK2",0.504,0.06,0.29,0.027,0.361,0.193,0.338,0.019,0.023,0.486,0.01
"HDAC6",0.002,0.129,0.512,0.039,0.35,0.269,0.158,0.412,0.044,0.249,0.362
"VEGFR1",0.362,0.327,0.261,0.436,0.152,0.108,0.419,0.446,0.364,0.144,0.44
"VEGFR3",0.008,0.378,0.019,0.034,0.018,0.417,0.073,0.137,0.141,0.102,0.208
"MTORC2",0,0.027,0.008,0,0.19,0.043,0.017,0.528,0.302,0.397,0.376
"PIM3",0.102,0.308,0.369,0.025,0.357,0.122,0.069,0.16,0.094,0.381,0.386
"ALK5",0.322,0.625,0.63,0.154,0.001,0.041,0.037,0.001,0.594,0.749,0.068
"TNKS1",0.147,0.022,0.258,0.014,0.016,0.516,0.041,0.159,0.121,0.476,0.203
"TNKS2",0,0.433,0.01,0,0.008,0.214,0.008,0.014,0.419,0.336,0.369
"TOP1",0.421,0.275,0.282,0.482,0.242,0.21,0.285,0.306,0.34,0.222,0.391
"Antimetabolite",0,0.188,0.17,0.115,0.309,0.334,0.432,0.249,0.369,0.058,0.329
"MEK1",0.011,0.323,0.383,0,0.456,0.112,0.175,0.004,0.169,0.282,0.139
"MEK2",0,0.489,0.221,0,0.133,0.331,0.085,0.053,0.041,0.052,0.003
"PARP1",0.049,0.47,0.33,0.081,0.378,0.182,0.319,0.413,0.147,0.348,0.046
"PARP2",0.242,0.074,0.006,0.095,0.022,0.118,0.451,0.007,0.491,0.304,0.071
"CHEK1",0,0.233,0.419,0.002,0.118,0.401,0.353,0.291,0.048,0.008,0.131
"NTRK1",0.032,0.276,0.31,0.331,0.04,0.189,0.039,0.086,0.214,0.135,0.477
"p38",0.043,0.451,0.387,0.346,0.269,0.548,0.034,0.453,0.081,0.317,0.298
"MDM2",0.003,0.17,0.033,0.023,0.225,0.341,0.131,0.351,0.128,0.425,0
