"","EGFR","Hypoxia","JAK.STAT","MAPK","NFkB","PI3K","TGFb","TNFa","Trail","VEGF","p53"
"1287381",-0.62758559273806,-0.725442105381779,-0.63931114019617,-0.505731914619537,0.439020948857509,0.995074847953809,-0.47234403742604,0.779167668245739,-0.90926781383718,-2.04509499377473,0.19492830527664
"905949",-0.140357752595809,0.636349760162598,-0.985903765241659,-0.45208280548354,0.316758996716326,-1.43593651611533,1.4991939750067,0.0120922157984495,0.135099977936147,-1.24632550547951,1.47703703152403
"906791",-0.811526512140027,-2.02813564869459,-1.14984993245717,-1.0469558588189,-0.860879024738289,1.14131797788212,-0.166285477142347,-1.25090456558018,-0.740868066601922,-0.321441557597503,-1.43490686845973
"687777",1.05753415410395,-0.445579493084179,1.23038405075867,0.205010689917444,1.15070063676499,-0.460793780842195,-0.108328003386277,1.25408257656326,0.482774822404689,-0.697591953679206,0.391008457139056
"724859",0.917520110652608,0.13750700403043,-0.932858481085737,1.98483802604555,-0.744930452305001,-0.822432413098166,0.0266755144259605,-0.927122840916851,0.422400270097385,1.56434857684408,-1.01168664318411
"906805",0.622177552638805,0.225409745910319,-0.0512121171313342,0.22621196227641,-0.411761199833921,0.419396877665009,-0.0551438815918226,-0.51550042590152,-1.41257316051981,-1.0575256444669,1.30133134675208
"905970",-1.26004801276319,-0.167787852882589,-0.555986117354403,-1.28436147866931,0.0319838866886587,-0.813941917571736,2.09075574429883,0.573334350308479,-0.855393468595926,-0.591193673573358,-0.138597839235283
"1503369",0.108217015170431,0.233952958329183,1.96827606760671,-0.961432338063599,1.07988339085363,0.614317536196881,1.26338102008878,0.80486493592879,1.81235121678627,-1.03796031028711,-0.21098592837715
"1503370",0.041885130657716,-0.515944786690275,0.0299750026398098,-0.137367869814177,0.0696961192626206,0.576472202759426,0.901729640105899,0.66120010757028,-2.13617518051681,0.163724182994154,1.41714364198493
"1247873",0.275024683266458,-1.1633965118457,0.0769854424986525,0.956838764509113,-0.241134077767202,0.212356359049963,-0.594294182090026,-0.647119112845143,-0.288714060299702,-1.821575151397,1.59809302507244
"1240145",0.76675484765907,0.0757720655713354,-0.264276168317733,0.614978946543808,0.335268569554306,1.4941665316663,0.999809049685749,0.389322952699829,0.711798013006398,1.28647761234969,-0.88773428996107
"1290908",-0.218959554221813,0.655954584135474,0.968485630910667,-0.475776879213404,-0.12656908024559,-0.551958431596776,-1.21064339811347,-0.0944532716356993,-0.521059589019615,0.437510320676978,0.120164349643097
"1240146",0.164951807704121,-0.84593328261453,1.19199976386356,-0.102955926286896,2.49773433397555,-1.55712918373195,-1.29070700974278,1.77182324996271,-0.110399694615722,0.983975084476983,-0.0365695930443254
"905972",-0.394727995512851,3.31587739747635,0.204789157183724,0.123495959593925,0.426197099407022,-2.22859159541041,1.80962177195895,0.53792753003756,0.685857795743706,0.224943262145339,-0.878712242812143
"907786",0.294098413825327,-1.54984694140499,-0.0588134627870166,0.456664888522273,-0.0580582872933323,-0.856006020392141,-0.591106278949366,-0.0612100991941497,-1.30002993351765,-0.0556493370510897,0.400446463974759
"753592",-0.365061204637191,0.252437841403936,-0.0925991999694609,-0.0325917988401779,0.167523870581033,0.160211471108127,2.83942318718842,0.959012897115817,1.15506608277662,0.554617072265832,-0.49308821889179
"724866",-0.297187388910118,0.536106569755583,-0.083261996594038,-0.333782965909189,0.497178224274313,-0.0998836484563613,1.24743603832443,0.226501258991356,0.504037866463233,-1.32428918966136,0.0186196446061006
"684681",-0.420615767615867,0.712378151787556,2.19034171690407,-0.336085308741751,0.112235542390704,0.939276989211878,0.89955132224125,0.324794849967595,-0.446653018778338,-0.11456962072944,-0.147686416550894
"1298347",0.461717163836505,-1.41545373482426,-0.72477455687278,0.0420607697769838,-0.536290204631545,0.648046025149377,-0.299099917076425,-0.820601013727424,1.82529660805879,-0.355891395195653,-0.862739508029318
"687794",0.105116700957165,0.69884054557846,1.21053238841223,-0.530011509518577,1.05902030649412,0.344044281838626,0.959539450219791,0.714668415871097,0.921866632157291,0.890822517474961,1.35279243440588
"753600",-1.67691071915788,0.869879902078897,-0.474564069039438,-1.32917760445482,-0.920140263126896,-0.346405982349321,0.866941245855781,-0.586890785753726,-0.606997508241221,0.522892700759755,1.42081522710526
"1298348",-0.244880536435269,-0.302886135811779,0.370585490306542,-0.682421030910193,-0.196868587012213,-0.235377018982705,0.844323219529893,0.219073977520751,-1.00396647419001,-0.179912745757268,-0.128554803175003
"908472",0.489857913160909,0.598538050271725,0.0188149361191769,-0.0337009683427107,-0.167193125849866,-2.06323960027898,-0.156395522505,-0.459238519860147,-0.704531129068765,-0.320608562402721,1.004631927877
"687798",-0.849149373316749,-0.847929133575486,-0.67169369935557,-0.76413992987583,-0.838021963164688,0.816242186831641,0.924364699911179,-0.878184623618661,-0.200453410755537,0.410657236398828,0.0311447546822811
"687799",0.227509228587458,-0.247934838809323,0.0159254993354144,-0.299548047772862,2.37213891789112,-1.84941013278589,0.0500040429807033,2.37080691077953,0.809390253941245,0.103238088547362,2.11280443206878
"687800",-1.28622623556543,2.13068446817268,2.19387437548474,-1.11220753601625,-0.769821772042427,0.60555297530181,0.00211921163425977,-0.755854794216879,1.06180731194663,0.714517811204383,0.751487629209317
"910900",-0.997150501450447,-0.0347310638688164,0.138605130089771,-1.35785208791074,0.29239397551125,0.213336356708759,1.40586157895703,0.661154208700126,1.08797286021276,-2.24001926927483,-0.922161676291213
"908473",-0.0627707823716741,1.21114004604596,1.56725640391634,-0.534143077735634,1.95961929542457,-0.528876115045556,0.911894239695764,0.988505399684286,-0.405628623384473,0.743135996559781,2.81032361856524
"687802",-0.122079025132675,-0.174880214783356,-0.505479270724816,-0.459567297771695,-0.138472387452987,1.63619528929313,1.00028159886026,-0.0151689281421759,0.927310411415261,0.102105799385435,-0.734842204484002
"908474",-1.06712551251166,-1.55979194730573,-0.269359377127811,-0.788930297486128,-1.24075355159554,0.607518394201167,-0.709021826966638,-0.700895632702929,-0.813374737609757,0.617459081087736,-0.945263858108323
"722058",0.869151689888067,-0.61427950992183,-0.283460065427892,0.977587101373636,2.05744713572024,-0.238493342320311,-0.102309799596668,1.40394302921644,0.294892521490741,-1.11533909577743,-0.443243252889299
"908475",-0.0219028648607199,-0.36965991342731,-0.264558512624485,-0.288129050353718,-0.652296208034275,0.469225507919718,0.739056999293871,-0.304117337733241,0.193327834971039,-1.2231318878657,-1.10040107880609
"1298350",0.0716655312155818,-0.538430805340854,0.451551728766032,0.0779390780662325,0.242663277394256,-0.950451516959337,-1.06546123978667,0.311296184216518,-0.938534856888291,1.01203654645016,-0.665660429453416
"724868",-0.175089238754849,0.634581399714954,0.220285521938888,0.418018616644193,-0.036137428375674,-0.803172705364769,1.15508500357953,0.355221435966386,0.54688461554835,-1.12044562164756,-0.420632880749713
"908463",-1.22292417153743,0.0682691241809068,-0.0736765035916152,-1.51681690702063,-0.398204406357714,1.05559333894026,-0.143173256185815,-0.0150669251135084,1.42395933617384,-1.76078332988765,0.507831419688929
"687807",0.375631672989237,0.0564912750685277,-0.293877048334374,0.547021177644296,-0.299456526503989,-0.0144375653498677,-0.507665610038148,0.103516519515147,0.155498724157335,0.427353365464457,-0.877729941976382
"1240185",-0.422916731459943,-1.04830572132678,0.109473120597975,-0.896477098363948,0.745839918140183,1.04029163441277,-0.841390259070549,0.355772425361066,-0.42960584629524,-2.14648922762915,1.55721211723332
"924244",0.268728888352755,0.15167551850153,0.577834845349407,0.601762212779672,-0.439484719831426,-0.131746369036836,-0.709998797766534,0.0455066167345979,-0.742505859969801,0.962706950763238,0.0909414920062002
"908476",0.758451271736044,-0.229298609640575,-0.078851212263812,-0.0260461558987133,-0.242655678409902,-0.858817986165964,-0.419088524052585,-0.638924527885455,-0.370886002510663,0.358690835585231,0.238497662560161
"724873",0.727726919110947,0.621538839048807,-0.558188308789816,0.545019271715022,0.730258558106572,-0.357096993063416,-1.04871916576595,0.611355212942703,0.58913674969565,2.17748644361292,-0.60078414421969
"1240187",-0.925625981588734,0.329107528904044,-0.265754411287864,-1.50036549715907,0.195814613198782,0.427218933677816,0.517139510223067,0.3488106803897,-1.16092329087439,-1.38507832472111,0.291584670897408
"722045",0.0902772235270386,1.27474738325208,0.00791754437412332,0.74217191736936,0.183753585462017,0.976167096592209,0.25712102331828,0.364189751767917,-1.28800485005806,0.414765793843917,-0.751596206764564
"687812",-2.20336687914061,0.779111561550264,-0.54025232603214,-1.99186013782693,-1.0089202061998,-0.891473609391925,2.4595055479436,-0.930514243047516,0.616386422523545,0.355655813550201,-1.60866653279907
"724834",1.34264164645894,-0.383391925918034,0.194532499560345,1.39427911663618,-0.780289878276725,1.14405967272642,-1.66422968747083,-0.673269368374235,1.25955447314476,-0.411177531544598,-0.0238636313479205
"722046",0.88312238914156,-0.230032679750481,-0.827174679070617,0.301863973637041,1.86054823425402,1.59174200623093,-0.36941649518604,0.728227293621006,-0.99773822911805,-0.885389594020723,2.78916893616869
"687816",1.16679776935674,0.559658947552979,0.676330016213154,1.17057212651595,0.846453206178249,-0.159384781376089,-0.376524659387966,1.1496794985797,0.446735125456576,0.876712485570587,-0.198251480293073
"724874",1.42302667952461,-0.594968854011447,1.21568287826768,1.0532107183386,0.0849636475961354,-0.0968719692735074,0.0509141169981019,-0.0288847044345572,0.317390623207407,0.669516887486564,0.0692423301003587
"905942",0.508066351939875,-0.194228768667227,-1.09154176349564,1.39695039559805,0.393438278196094,0.832886912993032,-0.156313337452383,0.889344486540079,0.475848000095249,-0.42230842903808,0.013020578277186
"687819",-1.80053966571681,-1.25636123775415,-0.0806672198918382,-1.3706911352335,-0.719773906737099,0.580976540918343,0.00960129473552348,-0.968755908677478,-0.778032430140706,-0.424404961731251,-1.22099949362486
"687820",1.49027021286562,0.216137878669726,3.21013021550704,0.964255412788928,0.822886862345332,-1.49149635296301,-0.622835618074239,0.954252110533407,0.743598564594955,-0.282396046319363,1.45884509581258
"687821",1.28121898286469,-0.924610059964705,0.168734929646815,1.61863906953865,0.681441926606175,0.113909190398909,-0.278112540485767,1.00145336653519,0.312449741655619,-0.082168501577641,0.424279421811035
"753604",-0.763211333907795,-1.06611476644796,-0.453347030589061,-0.887756043688692,-0.365051894676143,0.46712221293525,0.772709062720765,-0.792340419237063,0.515169839536868,-0.0300923944159873,1.90524053820693
"1240190",1.13534316994422,-1.34627572875088,-0.827151900873796,1.80492783006735,-0.553520766257632,-0.6040643043785,-0.15404811274602,-0.759205150525673,-0.318199589479942,-0.38700909720561,0.153695258015022
"905967",0.186361699275874,-0.125315797746364,-0.11325078780118,-0.164146425932118,-0.547004997081976,-0.505697704061431,-0.196988410223851,-0.121893355798812,0.449687216780041,-0.093150082710003,1.01761533212803
"908465",0.648163455827835,0.46788616329455,1.00375136405007,0.607960624860046,-0.362643424689848,-1.05335486525519,-0.420605635910597,-0.430127377853256,-0.388789632069044,2.87546092525244,-0.383858350466583
"908460",0.91150129903709,0.832309459008813,-0.427194296606009,0.950366221271713,-0.311968449073725,-0.441817398248854,-1.74658981539862,-0.271959818118904,-0.0288034935384739,0.334580058246274,-0.210748826387489
"905944",-1.24772387105773,-1.30548842414961,-0.984852681612932,-0.900806605876346,-1.3985189956964,-0.204534896656118,-0.190281661903163,-1.41727876340501,-0.263311727614541,-1.63589257791374,-0.236137890220284
"908459",-0.06276782067149,3.1142766538481,3.17937680640479,-0.813746213488972,2.93920038174519,0.875550289801035,0.983711194362741,2.7707223736396,-0.380268867855601,0.931173585541003,0.872831803353967
"722066",1.67062376659863,-0.228057438570629,-0.415547484364463,1.82371493989681,1.34149351757048,0.547663675048997,-1.33560742117599,0.922298911295909,1.18301371691734,0.523241561957122,-0.769845736986166
"910399",-1.47204777090436,1.1123908641968,-0.711006270822724,-1.57758410007044,-0.34828919619413,0.795153475071204,1.4648600426533,0.235723832992808,-0.458655149670333,0.201479056940206,-0.531870966399617
"753608",-0.735635923682505,-0.395036856628096,-0.625864160231048,-0.696766867927243,-1.02369999560545,-1.58059824277518,-0.499360517844385,-0.952081303866727,0.275154787025965,0.371808665667438,0.427056499537817
"1240202",0.498484632763299,-0.995362193091611,-0.0984270208016224,0.378897172827017,1.30320068627232,0.605487381591189,-0.55672100048685,1.41833612341801,0.194325765957416,0.261952447046258,0.902184574018873
"1298537",-0.364296638411898,-0.756153779026908,-0.673599076006413,-0.688184054054218,0.335296619515009,-0.20175302739772,0.158189801825626,-0.163639143138797,-2.36179138794181,-0.303722499237832,-0.0543233589013828
"910931",0.177860755588809,2.62180885502931,-0.0783199557315627,0.0181209730333819,-0.0401873467335975,0.049309496246108,0.898135305509434,0.181130279335445,0.15946081342292,-1.1217887693114,-0.70528607655137
"909721",1.00992747161729,2.11238372664406,2.1619446195549,0.371233483348897,0.286314468491693,-0.216028196878567,0.620070783099933,0.263273575641909,2.44611095801915,0.515969982415595,-0.406164536391817
"724878",-0.367198757324877,0.0781646490379164,-0.69488250368648,0.57420170588084,-1.23819628550928,-1.56335648276158,-1.15388296529198,-0.939827942474422,1.57812890212368,2.08840646110386,1.67175054887543
"687600",-2.41629610053879,-0.917745111170883,-1.03985679711978,-1.98428559020601,-1.38507826219986,0.0807306473130436,-0.567919164513376,-1.87849654898375,-2.32648820944606,-1.5313684555655,-0.342653345981274
"724855",1.10273898057775,0.562297889712519,-1.04646270529603,1.24400528764264,-0.691556086392083,-0.378059209427588,-0.473151298979548,-0.977020212550789,-0.107784162271022,-0.709451835690338,-0.0284675005688814
"753607",-1.96520976347888,1.4776647030881,-1.39199764492832,-1.30807023263324,-1.37962192623052,0.362813265135211,-2.28617269785746,-1.63101133119372,0.60333033689796,-0.778368895433704,-0.998241093493381
"909779",-0.654465512123747,-0.191059840909676,-1.14834420248791,-0.929091146106619,-1.14868579395948,0.359897420938456,-0.530420726062844,-1.52628638329578,-1.07264766994747,-0.416989438603004,0.259161386064374
"687780",1.94270262362722,0.365564755809982,0.0837041501580332,1.67459018323325,-0.0518950088702116,-1.83521550100791,-0.805823550123183,0.48664135138793,0.195116276617127,0.611587560743291,-0.783075685841561
"905973",0.455181393539883,1.55288322242167,0.426588854073243,0.484410087032375,0.295425783829288,-0.732912175344211,-1.86788234489397,0.748612144724132,1.82014804833641,1.41558383765965,-0.212812432647479
"910779",1.28219195130857,2.08183755793242,1.57641653169994,1.67827773559308,0.162652497891002,0.573328658168415,-1.73597085761964,0.513663775578054,0.489529889691076,0.60805753399856,-1.72274720905548
"753586",-0.0230921969404495,0.702909071606568,0.513199154712058,-0.379162033942838,-0.076555255426723,0.8968135525386,0.290796696555402,0.020512553885023,2.35183976682883,1.33637427563999,-1.77286374307354
"946361",1.77046905006545,-0.148629518580846,0.998007516211257,1.51734545620108,-0.00395792603836386,0.202593663510636,-1.43833850351639,0.581352220336701,0.268240779265998,0.744647306492909,-0.434229876477201
"724863",1.90711362577773,-1.02804299549217,-0.664228376690372,2.03004168717626,1.03517675548076,-0.282608607109252,-0.747639396012642,0.554759440765252,-2.07094808396334,0.847194441367188,-0.425542326363529
"907796",0.9915720621201,-0.233678325634162,0.353033693394634,1.61995003394235,-0.645951527750596,-1.54557861055966,-1.12551833394907,-0.628419655327431,2.12172998148339,-0.0641598663548174,-0.0862170408710375
"908467",0.584042623347824,-1.27392513050958,-0.900469173919966,0.234593985845959,-1.44911968746253,2.22353722212933,-1.48980896699657,-1.58914312997982,-0.927876146433776,0.251256143900273,-1.02935593630452
"724831",0.823450624563744,-0.630937610977864,-0.950555321522648,1.88497493871564,-1.21701707742197,0.528220072663893,-0.688036613297661,-0.584744280132613,-0.831163547945326,-0.195225479817002,-1.418950277682
"908471",-0.0347105634908499,-0.944237652986464,-1.16099279846961,-0.0369388780847971,-1.32717734074519,0.567255203008501,-0.703345495587198,-1.53756987057153,-0.988076398575671,-1.94605442913684,-0.610660115929083
"1240184",0.745773210781391,0.441308680095818,-0.517729334061692,1.47297536721164,-0.126622254356385,-0.384927868814573,-0.82939234565671,0.27551913140117,-0.511227901805529,0.967443777373421,-0.0078467567476715
"905943",0.105116700957165,0.69884054557846,1.21053238841223,-0.530011509518577,1.05902030649412,0.344044281838626,0.959539450219791,0.714668415871097,0.921866632157291,0.890822517474961,1.35279243440588
"687829",-0.447783426092566,-1.26452661909876,-1.24259243935953,0.333627632498231,-0.560663156573259,0.715466290635276,0.380036398330049,-0.577373107885084,0.686265130914209,-0.747092828015246,-0.331035624853599
"925341",-2.06153938199393,-0.459665951452001,-1.55126645704469,-1.70236348753656,-1.43292672257334,-1.42659935208031,-1.08570224333405,-1.62688494904054,-1.50236400358075,-0.480127732247096,-1.08455352413608
"910851",-0.622150688781555,-0.525386383588439,-0.309396292363659,0.0588436454302738,-0.447446956717643,-1.97678688432779,-0.927516887648173,0.0532685153565262,0.941666386014794,-1.44537370292693,0.953563563179555
"753534",0.788161121691254,-0.416897978245845,-1.0161564376999,-0.254462602158364,-1.20747930944827,0.271977300424089,-1.09275034132831,-1.29773035204101,-1.79078122281017,0.361994251882722,0.452751396978191
"753540",0.157444976662762,-0.572321086052702,0.821541280368257,-0.501603300946422,0.813902265637785,-1.51523913329574,1.32143631419436,0.914862203770178,0.242256956973714,-0.373103501762695,-0.311882713390435
"687596",-0.986953005826958,-0.617849218630398,-0.539252394281023,-0.874199079202397,-1.07618229954613,0.444477778799506,0.144291647508339,-1.07143743459592,-0.923306783904608,0.0226400174137605,-1.04965828216099
"1240144",1.0912441642713,1.91408903368627,2.40339246816907,1.41712472958586,3.08409561157157,2.64536435901463,-0.0338008468056281,3.35406595134068,0.508966259604138,1.82678797441546,-1.78187669830827
"687804",-2.23322728035475,0.59711399337391,-1.86800063953264,-1.81892910321719,-1.7584938048701,1.37120699013512,-0.310077888664848,-1.97035016595645,-1.08710306438087,-0.608788226542388,-1.44520448176254
"1298351",-0.0276293574681576,-0.120590721974163,-0.681773337039337,-0.368771669171741,-0.125862939122775,1.01162857194335,0.435958884637902,0.00658548324065536,-0.782883201293356,1.13734109093668,0.361368663111859
"1298352",1.34033586526188,-0.630558919393124,0.212486236700278,1.29848866200167,-0.942247689448475,-1.3362714329804,-1.54505053920217,-0.807684731477212,-0.0710779720480361,1.79697228329199,0.083427112778686
"1298353",-2.40442571369447,-0.542547650277744,-1.38367360051967,-2.0846031399711,-0.910540926761577,0.556146853647136,1.5853021187887,-0.976721868910234,-1.69046710129404,-0.210732605574338,-0.906414362935857
"1298356",0.649104466121224,1.36062991458972,-0.110756096887253,0.861269959410139,0.689115515490233,-0.776867947996581,1.31156830184132,0.664745989281806,1.21041702535783,-0.167661036804276,-0.897644069203565
"1240191",-0.141242619785191,0.140057233768167,-0.182861793149169,0.387467427836992,1.28995444526808,-0.514177659270196,0.359939442618198,1.10035387727091,0.229694985789383,-0.33285357687124,-0.0990112254336966
"753554",1.20411653910093,0.693833343420861,-0.124701952359376,0.786434724465069,0.200771761768239,-0.331526140073916,-0.563580670519374,-0.00925060822755906,0.109902381774214,0.698081114458317,-0.0153243102298827
"753556",0.366383635141113,0.542448438058486,-0.124829881733221,-0.0626623018496798,1.85123411317961,1.20279378398324,1.28906437421189,1.91797737654576,0.861884420829381,0.409443533307527,0.214427421720856
"1240142",-0.687296316728918,-0.692185950553235,0.55535857470743,-0.770898788439885,-0.822540655741619,-0.492717550498243,-0.208068590143684,-1.3307731230974,-0.378462445601871,-0.861548855343661,1.45737275375259
"1240143",1.26642950675659,-0.49042576036247,0.588487526928055,0.730106809198531,1.69815113032099,0.827174702023382,0.154655745249974,1.41894614646752,1.15023196305642,1.18787579113303,-0.0974223334368187
"753569",0.406129523165408,0.362890131075941,0.0251731110749793,0.194801341527743,0.547946131296742,1.52692829110604,0.488085229492009,0.178598953397076,0.464212234447887,0.174077737815729,0.84302976946368
"1298223",-1.93545096521901,-0.76335600104597,-0.904545790728208,-1.17304285890352,-1.17850632574195,-0.831371820282223,-0.750570916125639,-1.54149473433496,-0.489750440389905,-0.875901345908303,0.995123611345866
"687787",-0.977076911612774,-0.526053594016295,-1.54613614033933,-0.117563530244719,-1.33448384298494,-1.852033771914,0.432167920315976,-1.31187597712779,1.18085876583366,-0.698369421217012,-0.702575939518662
"1298226",-0.393891690413906,1.00674552756772,0.00380290420998495,-0.815244036526773,-0.747534308641191,1.64008624542787,2.03658023816885,-0.95226523424552,-0.133281262652247,1.68637616349484,-1.25905799406488
"1240183",-0.570613793760071,-1.16083639085107,2.14187109684967,-0.415451929603568,0.285229696755153,-0.354903137332698,-0.669380094617693,0.252548181218256,-0.0676373513693378,0.344648534885831,1.00936597696085
"687815",-0.881868978362043,-1.47911808182873,-1.10607395448571,-0.496064474818434,-1.18726520732188,1.12463106420917,-0.638604737662587,-1.34309151860831,-1.24645111110287,-1.62736019214229,-0.964927109074986
"905941",-0.942792912224518,0.650209851930122,0.76860265304669,-0.858935955042651,0.0783259987726426,1.84276518769568,1.39166999246267,0.474264848012355,-0.233332450627473,1.0045682589666,1.97994882418953
"908443",-0.567594033609181,-1.20879900990906,-0.678332733445863,-0.0921980572836462,-1.2149280214715,-0.497062526958164,0.307433482722822,-1.14337287113754,-1.45630199502941,-0.986248033622553,-1.30878972678027
"1298538",-0.367599902242425,-1.00807350273138,-0.87656294191571,-0.56112168291764,0.043066630139334,-1.30851355224011,-0.921409731812381,-0.448509048365625,-0.539395047067698,-0.607857571846286,2.13134432938969
"909728",1.11891378762472,0.507492602940665,0.218291989923153,1.00364632729105,0.725403347751129,0.615391211198767,0.870623204069297,1.29492993973698,0.745705405015932,0.776576133734903,-0.437712994327553
"724879",0.844496596530289,-0.505689646885452,1.53407053467284,1.15408704461961,0.749693578035647,-0.3431527379611,-0.139527829398402,0.693274327289479,0.767336174783769,0.125280424251625,-0.277098175432672
