"","EGFR","Hypoxia","JAK.STAT","MAPK","NFkB","PI3K","TGFb","TNFa","Trail","VEGF","p53"
"EGFR",1,1,1,1,1,1,1,1,1,1,1
"MTORC1",1,1,1,1,1,1,1,1,1,1,1
"PDGFR",1,1,1,1,1,1,1,1,1,1,1
"KIT",1,1,1,1,1,1,1,1,1,1,1
"VEGFR",1,1,1,1,1,1,1,1,1,1,1
"FLT3",1,0.240835218253968,0.240835218253968,1,0.345473968253968,1,1,1,0.240835218253968,0.240835218253968,0.808320502645503
"RET",1,0.979950198412698,0.979950198412698,0.979950198412698,1,1,0.979950198412698,1,1,1,1
"CSF1R",1,1,1,1,1,1,1,1,1,1,1
"MET",1,1,1,1,1,1,1,1,1,1,1
"Proteasome",1,0.930122222222222,1,1,1,0.930122222222222,1,0.930122222222222,1,0.930122222222222,1
"Microtubule stabiliser",1,1,1,1,1,1,1,1,1,1,1
"SMO",1,1,1,1,1,1,1,1,1,1,1
"BRAF",1,1,1,1,1,1,1,1,1,1,1
"AURKA",0.941195105820106,0.941195105820106,1,1,0.941195105820106,0.941195105820106,1,1,0.941195105820106,0.941195105820106,1
"AURKB",1,1,0.531498412698413,1,1,1,1,0.974413756613757,1,0.531498412698413,1
"AURKC",1,1,1,1,1,1,1,1,1,1,1
"ABL",0.807213214285714,0.807213214285714,0.807213214285714,0.807213214285714,0.807213214285714,1,0.807213214285714,0.807213214285714,0.807213214285714,0.807213214285714,0.807213214285714
"ALK",1,0.298967857142857,1,1,1,1,1,1,1,1,1
"SRC",1,0.979950198412698,1,1,1,1,1,0.979950198412698,1,1,1
"CDK1",1,0.730810317460317,1,1,1,1,1,1,0.83046626984127,1,1
"CDK2",1,0.780638293650794,1,1,1,1,1,1,0.952267989417989,0.780638293650794,1
"CDK5",1,1,1,1,1,1,1,1,1,1,1
"CDK7",1,0.265749206349206,1,1,1,1,1,1,1,1,1
"CDK9",1,1,1,1,1,1,1,1,1,1,1
"PKC",1,1,1,1,1,1,1,1,1,1,1
"CDK4",1,1,0.664373015873016,1,1,1,1,1,1,1,1
"LCK",1,1,1,1,1,1,1,1,1,1,1
"BMX",0.249139880952381,0.780638293650794,0.780638293650794,0.978104717813051,0.622849702380952,1,0.780638293650794,0.249139880952381,0.780638293650794,0.622849702380952,1
"PLK1",1,1,1,1,1,1,1,1,1,1,1
"PLK3",0.938426884920635,0.938426884920635,1,0.938426884920635,0.938426884920635,0.514889087301587,0.514889087301587,1,0.938426884920635,1,0.938426884920635
"IGF1R",1,1,1,0.896903571428572,1,0.719737433862434,1,0.896903571428572,1,0.719737433862434,0.719737433862434
"IR",1,1,1,1,1,1,1,1,1,1,1
"MTOR",1,1,1,1,1,1,1,1,1,1,1
"AKT1",1,1,1,1,1,1,0.797247619047619,1,1,1,1
"AKT2",1,0.863684920634921,1,1,1,1,0.863684920634921,0.863684920634921,0.863684920634921,1,1
"AKT3",1,1,1,1,0.697591666666667,1,1,1,1,1,1
"HDAC1",1,1,1,1,1,1,1,1,1,1,1
"IKK",0.722505654761905,0.722505654761905,0.722505654761905,0.722505654761905,0.722505654761905,1,0.813856944444445,0.722505654761905,0.722505654761905,0.722505654761905,0.813856944444445
"PI3Kbeta",0.905208234126984,1,1,0.905208234126984,1,0.905208234126984,0.905208234126984,1,1,1,1
"ERK5",1,1,1,1,1,1,1,1,1,1,1
"ERBB2",1,1,1,1,1,1,1,1,1,1,1
"ROCK1",0.847075595238095,1,1,1,0.847075595238095,0.755724305555556,0.755724305555556,0.755724305555556,1,0.755724305555556,1
"ROCK2",0.690209744268078,0.690209744268078,0.690209744268078,1,0.690209744268078,0.690209744268078,0.690209744268078,0.690209744268078,0.690209744268078,0.690209744268078,1
"DNA crosslinker",1,1,1,1,1,1,1,1,1,1,1
"Microtubule destabiliser",1,1,1,1,1,1,1,1,1,1,1
"AR",1,1,1,1,1,1,1,1,1,1,1
"ATM",1,1,1,1,1,1,1,1,1,1,1
"FLT1",1,1,1,1,1,1,1,1,1,1,1
"GSK3A",1,1,1,1,1,0.996559523809524,0.996559523809524,1,1,1,1
"GSK3B",1,1,1,1,1,1,1,1,1,1,1
"PDGFRA",1,1,1,0.741883201058201,1,0.741883201058201,1,1,1,0.741883201058201,1
"VEGFR2",1,1,1,1,1,1,1,1,1,1,1
"FGFR1",1,1,1,1,1,1,1,1,1,1,1
"TIE2",1,1,1,0.797247619047619,1,1,1,1,1,1,1
"JNK2",1,1,1,0.896903571428571,1,1,1,1,1,1,1
"BRD2",1,0.61454503968254,0.61454503968254,1,1,1,1,1,1,1,1
"BRD3",1,0.548107738095238,1,1,1,1,1,0.548107738095238,1,1,1
"BRD4",0.39862380952381,0.39862380952381,0.406928472222222,0.87106684303351,0.83995731292517,0.87106684303351,0.631154365079365,0.406928472222222,0.664373015873016,1,1
"BRDT",0.968877314814815,1,0.930122222222222,0.930122222222222,0.977577437641723,1,0.930122222222222,0.930122222222222,1,0.930122222222222,1
"FNTA",0.719737433862434,0.913512896825397,0.745046882086168,0.719737433862434,0.745046882086168,0.967031834215168,0.39862380952381,0.745046882086168,1,0.745046882086168,1
"PDK1 (PDPK1)",1,0.132874603174603,0.989915793650794,1,1,1,1,0.55364417989418,0.55364417989418,1,0.672677678571429
"BCL2",0.963340873015873,0.963340873015873,0.963340873015873,1,0.963340873015873,1,0.963340873015873,0.963340873015873,1,1,1
"BCL-XL",0.855380257936508,1,1,1,0.855380257936508,1,0.855380257936508,0.855380257936508,1,1,1
"BCL-W",1,1,1,1,1,1,1,1,1,1,1
"MCL1",1,1,1,1,1,1,1,1,1,1,1
"dsDNA break",1,1,1,0.963340873015873,1,1,0.963340873015873,1,1,1,1
"BTK",0.581326388888889,0.581326388888889,1,1,0.686518783068783,1,1,0.686518783068783,0.686518783068783,0.686518783068783,1
"HSP90",0.943409682539682,1,0.943409682539682,1,1,1,0.943409682539682,0.943409682539682,1,0.943409682539682,1
"PDGFRB",1,0.890259841269841,1,0.890259841269841,1,0.890259841269841,1,0.890259841269841,0.890259841269841,1,1
"IKK2",0.907976455026455,0.907976455026455,0.942579216269841,1,0.942579216269841,0.942579216269841,0.942579216269841,1,0.942579216269841,0.907976455026455,1
"Amyloid beta20",1,1,1,1,1,1,1,1,1,1,1
"Amyloid beta40",0.996559523809524,0.298967857142857,0.996559523809524,1,0.996559523809524,0.996559523809524,1,0.996559523809524,0.963340873015873,0.465061111111111,1
"JAK2",1,1,1,1,1,1,1,1,1,1,1
"JNK1",0.822161607142857,0.780638293650794,0.808320502645503,0.620081481481481,0.620081481481481,1,0.808320502645503,0.822161607142857,0.87106684303351,0.620081481481481,1
"CDK6",1,1,1,1,1,1,1,1,1,1,1
"PI3K (class 1)",1,1,1,1,1,1,1,1,1,1,1
"PI3Kgamma",1,0.631154365079365,1,1,1,1,1,1,1,1,1
"RSK",1,1,1,1,1,1,1,1,1,1,1
"G9a and GLP",1,0.232530555555556,1,1,1,1,1,1,1,1,1
"FLT4",1,0.43184246031746,1,1,1,1,0.880294246031746,1,1,1,1
"NTRK2",1,1,1,1,1,1,1,1,1,1,1
"LTK",0.977577437641723,0.977577437641723,1,1,0.977577437641723,0.977577437641723,0.977577437641723,1,0.977577437641723,0.977577437641723,1
"TAK1",1,1,1,1,1,1,1,1,1,1,1
"ERK2",1,0.43184246031746,1,1,1,1,1,1,1,1,1
"HDAC6",1,1,1,1,1,1,1,1,1,1,1
"VEGFR1",1,1,1,1,1,1,1,1,1,1,1
"VEGFR3",1,1,1,1,1,1,1,1,1,1,1
"MTORC2",1,1,1,1,1,1,1,1,1,1,1
"PIM3",0.84375373015873,1,0.84375373015873,1,0.84375373015873,1,1,0.84375373015873,1,0.465061111111111,1
"ALK5",1,1,1,1,1,1,1,1,1,1,1
"TNKS1",1,1,1,1,1,1,1,1,1,1,1
"TNKS2",1,0.773520011337869,0.773520011337869,1,1,0.773520011337869,0.773520011337869,0.773520011337869,1,0.773520011337869,0.773520011337869
"TOP1",1,1,1,1,1,1,1,1,1,1,1
"Antimetabolite",1,1,1,1,1,1,1,1,1,1,1
"MEK1",0.952267989417989,0.952267989417989,1,1,0.952267989417989,1,0.952267989417989,1,0.952267989417989,1,0.952267989417989
"MEK2",1,1,1,1,1,1,1,1,1,1,1
"PARP1",0.871989583333333,1,1,0.871989583333333,0.871989583333333,1,1,1,1,1,0.871989583333333
"PARP2",1,1,1,1,1,1,1,1,1,1,1
"CHEK1",1,1,1,1,1,1,1,1,1,1,1
"NTRK1",1,1,1,1,1,1,1,1,1,1,1
"p38",0.869221362433862,1,1,0.719737433862434,0.719737433862434,1,0.719737433862434,0.869221362433862,1,1,0.869221362433862
"MDM2",1,1,1,1,1,1,1,1,1,1,1
