"","EGFR","Hypoxia","JAK.STAT","MAPK","NFkB","PI3K","TGFb","TNFa","Trail","VEGF","p53"
"EGFR",0.206,0.335,0.359,0.156,0.17,0.35,0.041,0.145,0.338,0.386,0.152
"MTORC1",0.218,0.039,0.447,0.316,0.47,0.304,0.124,0.315,0.169,0.333,0.431
"PDGFR",0.233,0.397,0.417,0.334,0.052,0.499,0.329,0.363,0.431,0.386,0.295
"KIT",0.422,0.497,0.341,0.181,0.304,0.166,0.085,0.197,0.465,0.309,0.524
"VEGFR",0.241,0.281,0.347,0.511,0.136,0.49,0.349,0.284,0.495,0.216,0.154
"FLT3",0.371,0.029,0.023,0.461,0.052,0.453,0.402,0.434,0.018,0.012,0.146
"RET",0.225,0.118,0.064,0.105,0.429,0.54,0.07,0.373,0.437,0.249,0.361
"CSF1R",0.195,0.326,0.498,0.111,0.437,0.322,0.314,0.497,0.295,0.139,0.373
"MET",0.349,0.196,0.121,0.332,0.145,0.54,0.324,0.378,0.541,0.337,0.094
"Proteasome",0.297,0.036,0.324,0.316,0.223,0.065,0.346,0.112,0.379,0.11,0.237
"Microtubule stabiliser",0.394,0.366,0.214,0.28,0.45,0.291,0.168,0.458,0.424,0.242,0.441
"SMO",0.322,0.051,0.138,0.15,0.229,0.368,0.22,0.31,0.188,0.089,0.379
"BRAF",0.375,0.175,0.311,0.185,0.202,0.304,0.309,0.34,0.166,0.135,0.154
"AURKA",0.082,0.131,0.534,0.384,0.17,0.139,0.377,0.402,0.155,0.049,0.393
"AURKB",0.502,0.425,0.03,0.45,0.18,0.5,0.178,0.088,0.318,0.032,0.324
"AURKC",0.083,0.408,0.519,0.351,0.352,0.311,0.375,0.245,0.405,0.213,0.4
"ABL",0.13,0.14,0.173,0.215,0.029,0.523,0.185,0.243,0.211,0.075,0.236
"ALK",0.284,0.009,0.107,0.326,0.279,0.283,0.334,0.282,0.115,0.133,0.374
"SRC",0.282,0.056,0.229,0.392,0.134,0.159,0.514,0.059,0.177,0.333,0.449
"CDK1",0.505,0.022,0.125,0.305,0.463,0.385,0.201,0.319,0.05,0.193,0.494
"CDK2",0.328,0.029,0.245,0.291,0.202,0.211,0.371,0.396,0.086,0.047,0.284
"CDK5",0.439,0.059,0.305,0.411,0.498,0.244,0.419,0.172,0.258,0.301,0.344
"CDK7",0.324,0.008,0.151,0.499,0.24,0.115,0.195,0.253,0.065,0.14,0.575
"CDK9",0.568,0.468,0.297,0.134,0.224,0.137,0.087,0.173,0.39,0.554,0.113
"PKC",0.446,0.288,0.446,0.378,0.376,0.204,0.288,0.294,0.257,0.377,0.361
"CDK4",0.445,0.288,0.02,0.15,0.413,0.377,0.169,0.427,0.175,0.249,0.187
"LCK",0.279,0.048,0.394,0.356,0.326,0.46,0.224,0.349,0.18,0.24,0.514
"BMX",0.015,0.158,0.177,0.265,0.075,0.495,0.188,0.01,0.136,0.07,0.343
"PLK1",0.181,0.192,0.077,0.265,0.351,0.289,0.217,0.465,0.238,0.101,0.415
"PLK3",0.115,0.205,0.404,0.208,0.175,0.031,0.027,0.364,0.226,0.3,0.132
"IGF1R",0.217,0.315,0.52,0.118,0.501,0.065,0.22,0.135,0.242,0.053,0.047
"IR",0.251,0.178,0.406,0.294,0.545,0.241,0.3,0.274,0.321,0.459,0.455
"MTOR",0.437,0.11,0.328,0.316,0.232,0.446,0.296,0.249,0.333,0.513,0.366
"AKT1",0.181,0.263,0.334,0.178,0.328,0.223,0.024,0.233,0.176,0.326,0.434
"AKT2",0.232,0.033,0.311,0.164,0.248,0.435,0.054,0.078,0.104,0.517,0.483
"AKT3",0.361,0.353,0.372,0.085,0.021,0.443,0.232,0.237,0.276,0.148,0.399
"HDAC1",0.153,0.087,0.224,0.235,0.382,0.513,0.286,0.203,0.152,0.449,0.554
"IKK",0.17,0.104,0.063,0.092,0.076,0.513,0.232,0.148,0.174,0.112,0.245
"PI3Kbeta",0.109,0.411,0.535,0.076,0.544,0.108,0.032,0.438,0.404,0.421,0.367
"ERK5",0.207,0.088,0.149,0.464,0.252,0.399,0.382,0.345,0.113,0.544,0.462
"ERBB2",0.308,0.296,0.21,0.279,0.336,0.394,0.073,0.238,0.232,0.327,0.348
"ROCK1",0.153,0.251,0.378,0.461,0.14,0.06,0.03,0.071,0.392,0.091,0.427
"ROCK2",0.167,0.187,0.11,0.487,0.108,0.154,0.185,0.164,0.092,0.033,0.455
"DNA crosslinker",0.226,0.045,0.22,0.367,0.064,0.449,0.27,0.177,0.291,0.268,0.34
"Microtubule destabiliser",0.438,0.115,0.143,0.344,0.451,0.215,0.234,0.316,0.209,0.181,0.353
"AR",0.48,0.079,0.27,0.453,0.328,0.284,0.386,0.222,0.244,0.228,0.387
"ATM",0.363,0.041,0.459,0.332,0.316,0.365,0.144,0.135,0.328,0.436,0.377
"FLT1",0.108,0.246,0.254,0.044,0.149,0.564,0.464,0.326,0.517,0.339,0.384
"GSK3A",0.52,0.451,0.097,0.47,0.128,0.047,0.06,0.231,0.272,0.353,0.32
"GSK3B",0.33,0.122,0.217,0.497,0.387,0.169,0.26,0.252,0.165,0.443,0.287
"PDGFRA",0.268,0.351,0.529,0.067,0.309,0.065,0.305,0.357,0.316,0.047,0.267
"VEGFR2",0.324,0.183,0.114,0.165,0.44,0.396,0.337,0.172,0.292,0.156,0.378
"FGFR1",0.582,0.391,0.286,0.112,0.29,0.319,0.285,0.232,0.304,0.077,0.087
"TIE2",0.187,0.502,0.358,0.024,0.27,0.379,0.149,0.29,0.29,0.111,0.151
"JNK2",0.292,0.13,0.196,0.027,0.096,0.34,0.145,0.298,0.282,0.299,0.461
"BRD2",0.167,0.02,0.037,0.445,0.509,0.399,0.431,0.125,0.241,0.376,0.293
"BRD3",0.143,0.033,0.097,0.334,0.286,0.331,0.291,0.029,0.326,0.392,0.202
"BRD4",0.021,0.024,0.038,0.236,0.177,0.236,0.095,0.049,0.12,0.398,0.419
"BRDT",0.175,0.443,0.111,0.084,0.206,0.405,0.073,0.14,0.443,0.131,0.313
"FNTA",0.065,0.22,0.149,0.064,0.098,0.262,0.012,0.157,0.494,0.113,0.374
"PDK1 (PDPK1)",0.358,0.004,0.149,0.262,0.466,0.342,0.331,0.04,0.05,0.2,0.081
"BCL2",0.095,0.081,0.174,0.27,0.14,0.368,0.169,0.09,0.348,0.334,0.349
"BCL-XL",0.091,0.399,0.422,0.172,0.066,0.341,0.074,0.103,0.541,0.249,0.432
"BCL-W",0.301,0.145,0.215,0.04,0.315,0.483,0.257,0.398,0.35,0.449,0.134
"MCL1",0.425,0.38,0.103,0.052,0.261,0.295,0.257,0.446,0.418,0.336,0.314
"dsDNA break",0.384,0.179,0.097,0.058,0.179,0.449,0.034,0.284,0.409,0.426,0.275
"BTK",0.035,0.033,0.249,0.421,0.109,0.388,0.475,0.119,0.124,0.107,0.279
"HSP90",0.115,0.208,0.14,0.508,0.377,0.324,0.142,0.118,0.243,0.113,0.462
"PDGFRB",0.51,0.047,0.363,0.134,0.296,0.119,0.485,0.115,0.086,0.43,0.417
"IKK2",0.082,0.067,0.227,0.315,0.164,0.163,0.201,0.293,0.173,0.029,0.378
"Amyloid beta20",0.178,0.498,0.48,0.203,0.287,0.358,0.298,0.474,0.344,0.353,0.289
"Amyloid beta40",0.24,0.009,0.228,0.412,0.228,0.145,0.442,0.233,0.087,0.028,0.352
"JAK2",0.49,0.081,0.447,0.324,0.206,0.366,0.08,0.171,0.103,0.463,0.413
"JNK1",0.193,0.094,0.146,0.046,0.04,0.413,0.146,0.198,0.236,0.056,0.555
"CDK6",0.34,0.197,0.066,0.212,0.406,0.34,0.307,0.454,0.151,0.245,0.182
"PI3K (class 1)",0.313,0.102,0.518,0.312,0.362,0.169,0.04,0.183,0.148,0.374,0.387
"PI3Kgamma",0.293,0.019,0.351,0.417,0.331,0.534,0.354,0.217,0.137,0.269,0.258
"RSK",0.288,0.419,0.279,0.226,0.434,0.384,0.096,0.349,0.283,0.358,0.208
"G9a and GLP",0.303,0.007,0.249,0.516,0.254,0.315,0.246,0.272,0.065,0.265,0.224
"FLT4",0.31,0.013,0.406,0.331,0.416,0.305,0.053,0.155,0.188,0.492,0.222
"NTRK2",0.434,0.475,0.249,0.398,0.433,0.131,0.098,0.42,0.338,0.24,0.475
"LTK",0.113,0.05,0.26,0.278,0.15,0.148,0.193,0.369,0.206,0.11,0.348
"TAK1",0.21,0.314,0.219,0.139,0.363,0.358,0.101,0.101,0.526,0.276,0.209
"ERK2",0.408,0.013,0.123,0.209,0.437,0.353,0.49,0.362,0.173,0.314,0.27
"HDAC6",0.221,0.201,0.318,0.121,0.443,0.144,0.423,0.168,0.279,0.398,0.443
"VEGFR1",0.369,0.2,0.194,0.32,0.35,0.363,0.091,0.109,0.441,0.371,0.363
"VEGFR3",0.211,0.235,0.188,0.173,0.263,0.395,0.098,0.115,0.534,0.442,0.086
"MTORC2",0.351,0.07,0.204,0.463,0.415,0.288,0.537,0.39,0.257,0.493,0.256
"PIM3",0.066,0.338,0.099,0.343,0.127,0.346,0.459,0.107,0.283,0.014,0.365
"ALK5",0.383,0.463,0.3,0.211,0.339,0.446,0.279,0.264,0.301,0.32,0.257
"TNKS1",0.424,0.288,0.109,0.46,0.354,0.346,0.057,0.497,0.471,0.267,0.121
"TNKS2",0.416,0.108,0.056,0.243,0.301,0.147,0.102,0.161,0.513,0.163,0.108
"TOP1",0.239,0.127,0.309,0.308,0.306,0.377,0.452,0.36,0.266,0.427,0.227
"Antimetabolite",0.266,0.312,0.523,0.235,0.311,0.433,0.244,0.283,0.299,0.484,0.386
"MEK1",0.137,0.11,0.404,0.344,0.069,0.219,0.041,0.294,0.172,0.317,0.171
"MEK2",0.352,0.526,0.399,0.307,0.22,0.1,0.229,0.398,0.324,0.194,0.46
"PARP1",0.105,0.3,0.316,0.064,0.081,0.477,0.203,0.162,0.347,0.443,0.097
"PARP2",0.281,0.05,0.161,0.253,0.212,0.154,0.451,0.341,0.228,0.122,0.381
"CHEK1",0.325,0.28,0.451,0.081,0.078,0.396,0.233,0.219,0.369,0.288,0.349
"NTRK1",0.314,0.223,0.097,0.229,0.036,0.355,0.33,0.123,0.418,0.239,0.359
"p38",0.133,0.429,0.301,0.05,0.065,0.365,0.056,0.157,0.365,0.255,0.155
"MDM2",0.116,0.16,0.432,0.286,0.176,0.44,0.325,0.284,0.237,0.249,0.256
