"","EGFR","Hypoxia","JAK.STAT","MAPK","NFkB","PI3K","TGFb","TNFa","Trail","VEGF","p53"
"EGFR",0.056,0.511,0.37,0.035,0.051,0.368,0.404,0.127,0.3,0.381,0.271
"MTORC1",0.048,0.083,0.345,0.103,0.417,0.349,0.13,0.303,0.115,0.052,0.286
"PDGFR",0.335,0.108,0.223,0.147,0.153,0.272,0.118,0.164,0.52,0.606,0.579
"KIT",0.45,0.249,0.093,0.275,0.067,0.072,0.226,0.058,0.475,0.321,0.43
"VEGFR",0.349,0.538,0.15,0.007,0.181,0.156,0.036,0.344,0.309,0.444,0.337
"FLT3",0.332,0.039,0.506,0.093,0.165,0.286,0.234,0.03,0.352,0.452,0.358
"RET",0.351,0.03,0.188,0.018,0.256,0.289,0.07,0.487,0.114,0.571,0.19
"CSF1R",0.06,0.104,0.518,0.303,0.138,0.341,0.207,0.025,0.046,0.139,0.29
"MET",0,0.208,0.634,0.024,0.03,0.135,0.65,0.593,0.444,0.575,0.466
"Proteasome",0.03,0.155,0.155,0.255,0.497,0.32,0.444,0.365,0.469,0.368,0.38
"Microtubule stabiliser",0.447,0.286,0.105,0.279,0.243,0.09,0.553,0.423,0.249,0.502,0.537
"SMO",0.355,0.349,0.188,0.482,0.021,0.246,0.472,0.029,0.48,0.459,0.058
"BRAF",0.185,0.012,0.18,0.212,0.276,0.407,0.333,0.395,0.121,0.264,0.01
"AURKA",0.007,0.119,0.252,0.001,0.604,0.617,0.228,0.424,0.161,0.11,0.305
"AURKB",0.262,0.355,0.388,0.022,0.414,0.307,0.467,0.408,0.209,0.441,0.063
"AURKC",0.034,0.203,0.379,0.003,0.506,0.541,0.568,0.653,0.175,0.11,0.5
"ABL",0.152,0.02,0.174,0.08,0.041,0.289,0.186,0.071,0.019,0.229,0.021
"ALK",0.007,0.418,0.697,0.673,0.4,0.106,0.053,0.017,0.244,0.533,0.201
"SRC",0.247,0.148,0.218,0.297,0.036,0.381,0.213,0.025,0.229,0.232,0.27
"CDK1",0.195,0.018,0.089,0.144,0.11,0.051,0.121,0.2,0.227,0.245,0.143
"CDK2",0.016,0.445,0.62,0.398,0.489,0.13,0.213,0.023,0.032,0.257,0.181
"CDK5",0.463,0.407,0.064,0.177,0.232,0.458,0.234,0.1,0.007,0.544,0.58
"CDK7",0.001,0.367,0.37,0.022,0.04,0.197,0.14,0.379,0.281,0.501,0.132
"CDK9",0.126,0.092,0.008,0.255,0.467,0.291,0.432,0.417,0.152,0.398,0.165
"PKC",0.209,0.206,0.117,0.149,0.405,0.545,0.306,0.043,0.394,0.392,0.406
"CDK4",0.375,0.354,0.04,0.244,0.32,0.174,0.072,0.161,0.4,0.258,0.313
"LCK",0.588,0.009,0.298,0.526,0.078,0.117,0.685,0.055,0.307,0.066,0.223
"BMX",0.053,0.171,0.098,0.014,0.038,0.256,0.116,0.006,0.417,0.063,0.115
"PLK1",0.257,0.067,0.144,0.501,0.268,0.269,0.241,0.548,0.399,0.494,0.327
"PLK3",0.007,0.185,0.026,0.121,0.041,0.463,0.251,0.075,0.198,0.407,0.103
"IGF1R",0.31,0.046,0.365,0.655,0.079,0.317,0.093,0.004,0.162,0.417,0.187
"IR",0.143,0.009,0.082,0.634,0.571,0.567,0.454,0.543,0.604,0.334,0.544
"MTOR",0.056,0.431,0.094,0.01,0.05,0.097,0.131,0.004,0.159,0.17,0.28
"AKT1",0,0.254,0.037,0.001,0.014,0.242,0.4,0.021,0.174,0.205,0.38
"AKT2",0.006,0.3,0.096,0.01,0.026,0.344,0.368,0.044,0.35,0.21,0.363
"AKT3",0.017,0.037,0.207,0.167,0,0.238,0.314,0.002,0.388,0.383,0.35
"HDAC1",0.338,0.044,0.018,0.057,0.289,0.193,0.25,0.339,0.255,0.139,0.459
"IKK",0.263,0.033,0.336,0.479,0.233,0.426,0.439,0.436,0.402,0.232,0.285
"PI3Kbeta",0.021,0.453,0.296,0,0.217,0.36,0.097,0.005,0.381,0.15,0.239
"ERK5",0.118,0.063,0.107,0.494,0.128,0.477,0.318,0.132,0.084,0.259,0.057
"ERBB2",0.031,0.061,0.208,0.098,0,0.566,0.536,0.011,0.426,0.083,0.202
"ROCK1",0.097,0.072,0.311,0.346,0.105,0.398,0.386,0.013,0.303,0.367,0.1
"ROCK2",0.03,0.213,0.421,0.053,0.037,0.39,0.427,0.19,0.409,0.17,0.229
"DNA crosslinker",0.006,0.571,0.106,0.089,0.171,0.108,0.505,0.48,0.681,0.656,0.703
"Microtubule destabiliser",0.439,0.228,0.073,0.226,0.121,0.137,0.437,0.337,0.464,0.435,0.466
"AR",0.066,0.35,0.278,0.324,0.001,0.193,0.106,0.148,0.284,0.374,0.285
"ATM",0.503,0.438,0.205,0.197,0.299,0.041,0.15,0.386,0.278,0.351,0.117
"FLT1",0.097,0.208,0.508,0.286,0.013,0.225,0.324,0.139,0.154,0.177,0.308
"GSK3A",0.325,0.261,0.158,0.407,0.017,0.163,0.029,0.335,0.334,0.44,0.139
"GSK3B",0.042,0.239,0.239,0.168,0.001,0.464,0.07,0.024,0.347,0.301,0.212
"PDGFRA",0.376,0.003,0.228,0.164,0.141,0.183,0.458,0.095,0.297,0.434,0.249
"VEGFR2",0.141,0.002,0.306,0.04,0.002,0.031,0.423,0.003,0.487,0.026,0.263
"FGFR1",0.326,0.049,0.347,0.01,0.086,0.415,0.195,0.027,0.216,0.624,0.24
"TIE2",0.192,0.337,0.268,0.476,0.552,0.094,0.388,0.403,0.296,0.205,0.296
"JNK2",0.031,0.025,0.621,0.063,0.022,0.535,0.456,0.079,0.591,0.231,0.419
"BRD2",0.326,0.099,0.342,0.349,0.171,0.257,0.168,0.165,0.112,0.242,0.386
"BRD3",0.095,0.208,0.136,0.409,0.026,0.095,0.221,0.057,0.175,0.325,0.322
"BRD4",0.296,0.302,0.146,0.495,0.036,0.43,0.229,0.007,0.224,0.135,0.519
"BRDT",0.466,0.002,0.076,0.273,0.189,0.17,0.061,0.308,0.225,0.262,0.293
"FNTA",0.104,0.001,0.046,0.171,0.612,0.185,0.18,0.092,0.483,0.103,0.418
"PDK1 (PDPK1)",0.014,0.049,0.298,0.04,0.252,0.397,0.154,0.406,0.467,0.415,0.042
"BCL2",0.033,0.141,0.179,0.385,0.412,0.398,0.353,0.157,0.53,0.14,0.488
"BCL-XL",0.004,0.017,0.11,0.082,0.276,0.218,0.042,0.235,0.224,0.109,0.418
"BCL-W",0.172,0.288,0.431,0.619,0.579,0.596,0.199,0.153,0.07,0.114,0.264
"MCL1",0.168,0.55,0.055,0.149,0.487,0.089,0.1,0.028,0.45,0.538,0.415
"dsDNA break",0.155,0.068,0.085,0.432,0.356,0.059,0.196,0.13,0.209,0.255,0.385
"BTK",0.055,0.001,0.58,0.265,0.314,0.194,0.279,0.412,0.214,0.347,0.294
"HSP90",0.108,0.234,0.264,0.265,0.094,0.18,0.58,0.146,0.203,0.519,0.587
"PDGFRB",0.525,0.005,0.067,0.643,0.102,0.431,0.562,0.463,0.73,0.222,0.179
"IKK2",0.081,0.148,0.142,0.347,0.112,0.345,0.383,0.093,0.407,0.396,0.134
"Amyloid beta20",0.218,0.302,0.225,0.368,0.426,0.503,0.512,0.361,0.372,0.171,0.318
"Amyloid beta40",0.095,0.153,0.345,0.264,0.168,0.058,0.385,0.248,0.439,0.392,0.169
"JAK2",0.477,0.041,0.211,0.4,0.336,0.194,0.68,0.687,0.145,0.37,0.681
"JNK1",0.272,0.029,0.123,0.507,0.231,0.418,0.122,0.148,0.139,0.09,0.348
"CDK6",0.277,0.489,0.043,0.145,0.117,0.355,0.031,0.016,0.465,0.329,0.248
"PI3K (class 1)",0,0.068,0.133,0.001,0.08,0.539,0.353,0.247,0.108,0.075,0.375
"PI3Kgamma",0.175,0.337,0.206,0.143,0.415,0.523,0.093,0.386,0.298,0.122,0.348
"RSK",0.519,0.113,0.291,0.279,0.138,0.459,0.243,0.363,0.448,0.191,0.215
"G9a and GLP",0.105,0.34,0.256,0.131,0.123,0.438,0.434,0.082,0.46,0.054,0.483
"FLT4",0.058,0.012,0.214,0.068,0.553,0.127,0.401,0.182,0.219,0.074,0.172
"NTRK2",0.421,0.167,0.069,0.166,0.017,0.468,0.53,0.034,0.497,0.326,0.551
"LTK",0.313,0.401,0.141,0.041,0.365,0.1,0.058,0.006,0.39,0.257,0.294
"TAK1",0.032,0.239,0.427,0.16,0.003,0.286,0.17,0.482,0.169,0.115,0.427
"ERK2",0.275,0.035,0.332,0.361,0.32,0.389,0.431,0.2,0.445,0.275,0.102
"HDAC6",0.287,0.007,0.072,0.39,0.18,0.178,0.515,0.094,0.274,0.227,0.427
"VEGFR1",0.004,0.066,0.184,0.022,0.039,0.337,0.544,0.113,0.231,0.198,0.561
"VEGFR3",0.186,0.058,0.589,0.493,0.278,0.007,0.052,0.129,0.499,0.188,0.303
"MTORC2",0.249,0.03,0.41,0.419,0.208,0.238,0.061,0.108,0.028,0.056,0.522
"PIM3",0.626,0.006,0.29,0.344,0.008,0.327,0.156,0.006,0.08,0.199,0.33
"ALK5",0.001,0.065,0.49,0.006,0.224,0.292,0.28,0.429,0.358,0.362,0.532
"TNKS1",0.257,0.33,0.091,0.329,0.12,0.172,0.049,0.519,0.383,0.5,0.396
"TNKS2",0.06,0.281,0.174,0.148,0.017,0.063,0.167,0.223,0.253,0.535,0.177
"TOP1",0.451,0.155,0.077,0.322,0.078,0.13,0.199,0.397,0.554,0.53,0.465
"Antimetabolite",0.024,0.249,0.008,0.387,0.386,0.255,0.409,0.211,0.34,0.351,0.466
"MEK1",0.027,0.551,0.419,0.048,0.056,0.618,0.431,0.039,0.123,0.18,0.343
"MEK2",0.018,0.031,0.531,0.056,0.573,0.272,0.585,0.558,0.144,0.115,0.34
"PARP1",0.508,0.123,0.182,0.465,0.293,0.095,0.283,0.21,0.455,0.13,0.045
"PARP2",0.374,0.177,0.086,0.261,0.47,0.256,0.358,0.167,0.212,0.252,0.071
"CHEK1",0.002,0.12,0.344,0.166,0.137,0.206,0.062,0.191,0.338,0.361,0.34
"NTRK1",0.02,0.042,0.372,0.21,0.467,0.436,0.233,0.361,0.418,0.286,0.453
"p38",0.13,0.56,0.312,0.112,0.17,0.289,0.046,0.112,0.27,0.363,0.204
"MDM2",0.292,0.074,0.177,0.411,0.317,0.265,0.328,0.464,0.16,0.17,0.224
