"","EGFR","Hypoxia","JAK.STAT","MAPK","NFkB","PI3K","TGFb","TNFa","Trail","VEGF","p53"
"EGFR",0.620081481481481,1,1,0.620081481481481,0.620081481481481,1,1,1,1,1,1
"MTORC1",0.719737433862434,0.719737433862434,1,0.719737433862434,1,1,0.719737433862434,1,0.719737433862434,0.719737433862434,1
"PDGFR",1,1,1,1,1,1,1,1,1,1,1
"KIT",1,1,0.772333630952381,1,0.772333630952381,0.772333630952381,1,0.772333630952381,1,1,1
"VEGFR",1,1,1,0.232530555555556,1,1,0.597935714285714,1,1,1,1
"FLT3",1,0.647763690476191,1,1,1,1,1,0.647763690476191,1,1,1
"RET",1,0.498279761904762,1,0.498279761904762,1,1,0.775101851851852,1,0.946731547619048,1,1
"CSF1R",0.664373015873016,0.76956541005291,1,1,0.76956541005291,1,0.982322959183673,0.664373015873016,0.664373015873016,0.76956541005291,1
"MET",0,1,1,0.332186507936508,0.332186507936508,1,1,1,1,1,1
"Proteasome",0.996559523809524,1,1,1,1,1,1,1,1,1,1
"Microtubule stabiliser",1,1,1,1,1,1,1,1,1,1,1
"SMO",1,1,1,1,0.481670436507937,1,1,0.481670436507937,1,1,0.642227248677249
"BRAF",1,0.199311904761905,1,1,1,1,1,1,1,1,0.199311904761905
"AURKA",0.116265277777778,0.988254861111111,1,0.0332186507936508,1,1,1,1,1,0.988254861111111,1
"AURKB",1,1,1,0.730810317460317,1,1,1,1,1,1,1
"AURKC",0.564717063492064,1,1,0.0996559523809524,1,1,1,1,1,1,1
"ABL",0.686518783068783,0.232530555555556,0.686518783068783,0.442915343915344,0.340491170634921,0.872744552669553,0.686518783068783,0.442915343915344,0.232530555555556,0.760707103174603,0.232530555555556
"ALK",0.232530555555556,1,1,1,1,0.880294246031746,0.586862830687831,0.282358531746032,1,1,1
"SRC",0.986593928571429,0.986593928571429,0.986593928571429,0.986593928571429,0.597935714285714,1,0.986593928571429,0.597935714285714,0.986593928571429,0.986593928571429,0.986593928571429
"CDK1",0.738192239858907,0.597935714285714,0.683355102040816,0.683355102040816,0.683355102040816,0.683355102040816,0.683355102040816,0.738192239858907,0.73986994949495,0.73986994949495,0.683355102040816
"CDK2",0.354332275132275,1,1,1,1,1,1,0.354332275132275,0.354332275132275,1,1
"CDK5",1,1,1,1,1,1,1,1,0.232530555555556,1,1
"CDK7",0.0332186507936508,1,1,0.365405158730159,0.442915343915344,1,0.930122222222222,1,1,1,0.930122222222222
"CDK9",1,1,0.265749206349206,1,1,1,1,1,1,1,1
"PKC",1,1,1,1,1,1,1,1,1,1,1
"CDK4",1,1,1,1,1,1,1,1,1,1,1
"LCK",1,0.298967857142857,1,1,0.647763690476191,0.777316428571429,1,0.647763690476191,1,0.647763690476191,1
"BMX",0.418555,0.631154365079365,0.481670436507937,0.232530555555556,0.418555,0.85039746031746,0.481670436507937,0.199311904761905,1,0.418555,0.481670436507937
"PLK1",1,1,1,1,1,1,1,1,1,1,1
"PLK3",0.232530555555556,0.822161607142857,0.43184246031746,0.669909457671958,0.453988227513228,1,0.926431261022928,0.622849702380952,0.822161607142857,1,0.669909457671958
"IGF1R",1,0.764028968253968,1,1,0.772333630952381,1,0.772333630952381,0.132874603174603,1,1,1
"IR",1,0.298967857142857,1,1,1,1,1,1,1,1,1
"MTOR",0.465061111111111,1,0.537034854497355,0.166093253968254,0.465061111111111,0.537034854497355,0.621663321995465,0.132874603174603,0.627463403880071,0.627463403880071,0.930122222222222
"AKT1",0,0.937504144620811,0.245818015873016,0.0166093253968254,0.15502037037037,0.937504144620811,1,0.174397916666667,0.937504144620811,0.937504144620811,1
"AKT2",0.166093253968254,1,0.637798095238095,0.166093253968254,0.287894973544974,1,1,0.365405158730159,1,1,1
"AKT3",0.188239021164021,0.30727251984127,1,1,0,1,1,0.0332186507936508,1,1,1
"HDAC1",1,0.631154365079365,0.597935714285714,0.631154365079365,1,1,1,1,1,1,1
"IKK",1,1,1,1,1,1,1,1,1,1,1
"PI3Kbeta",0.232530555555556,1,1,0,1,1,0.805552281746032,0.083046626984127,1,0.996559523809524,1
"ERK5",0.626408843537415,0.626408843537415,0.626408843537415,1,0.626408843537415,1,1,0.626408843537415,0.626408843537415,1,0.626408843537415
"ERBB2",0.343259391534392,0.506584424603175,0.863684920634921,0.542571296296296,0,1,1,0.182702579365079,1,0.542571296296296,0.863684920634921
"ROCK1",0.697591666666667,0.697591666666667,1,1,0.697591666666667,1,1,0.43184246031746,1,1,0.697591666666667
"ROCK2",0.586862830687831,1,1,0.586862830687831,0.586862830687831,1,1,1,1,1,1
"DNA crosslinker",0.199311904761905,1,0.896903571428571,0.896903571428571,1,0.896903571428571,1,1,1,1,1
"Microtubule destabiliser",1,1,1,1,1,1,1,1,1,1,1
"AR",1,1,1,1,0.0332186507936508,1,1,1,1,1,1
"ATM",1,1,1,1,1,1,1,1,1,1,1
"FLT1",1,1,1,1,0.43184246031746,1,1,1,1,1,1
"GSK3A",1,1,1,1,0.481670436507937,1,0.481670436507937,1,1,1,1
"GSK3B",0.465061111111111,0.992407192460317,0.992407192460317,0.992407192460317,0.0332186507936508,1,0.581326388888889,0.39862380952381,1,1,0.992407192460317
"PDGFRA",1,0.0996559523809524,1,1,1,1,1,1,1,1,1
"VEGFR2",0.669118537414966,0.0332186507936508,1,0.221457671957672,0.0332186507936508,0.205955634920635,1,0.0332186507936508,1,0.205955634920635,1
"FGFR1",1,0.542571296296296,1,0.332186507936508,0.714200992063492,1,1,0.448451785714286,1,1,1
"TIE2",1,1,1,1,1,1,1,1,1,1,1
"JNK2",0.343259391534392,0.343259391534392,1,0.52319375,0.343259391534392,1,1,0.524854682539683,1,1,1
"BRD2",1,1,1,1,1,1,1,1,1,1,1
"BRD3",0.788942956349206,0.917665228174603,0.903547301587302,1,0.788942956349206,0.788942956349206,0.917665228174603,0.788942956349206,0.917665228174603,1,1
"BRD4",1,1,1,1,0.597935714285714,1,1,0.232530555555556,1,1,1
"BRDT",1,0.0664373015873016,0.841539153439153,1,1,1,0.841539153439153,1,1,1,1
"FNTA",0.690947936507937,0.0332186507936508,0.690947936507937,0.768181299603175,1,0.768181299603175,0.768181299603175,0.690947936507937,1,0.690947936507937,1
"PDK1 (PDPK1)",0.406928472222222,0.406928472222222,1,0.406928472222222,1,1,1,1,1,1,0.406928472222222
"BCL2",1,1,1,1,1,1,1,1,1,1,1
"BCL-XL",0.132874603174603,0.282358531746032,0.609008597883598,0.609008597883598,0.916834761904762,0.867375881834215,0.465061111111111,0.867375881834215,0.867375881834215,0.609008597883598,1
"BCL-W",1,1,1,1,1,1,1,1,1,1,1
"MCL1",0.930122222222222,1,0.83046626984127,0.930122222222222,1,0.83046626984127,0.83046626984127,0.83046626984127,1,1,1
"dsDNA break",0.991814002267574,0.941195105820106,0.941195105820106,1,1,0.941195105820106,0.991814002267574,0.991814002267574,0.991814002267574,1,1
"BTK",0.913512896825397,0.0332186507936508,1,1,1,1,1,1,1,1,1
"HSP90",1,1,1,1,1,1,1,1,1,1,1
"PDGFRB",1,0.166093253968254,1,1,1,1,1,1,1,1,1
"IKK2",0.819393386243386,0.819393386243386,0.819393386243386,1,0.819393386243386,1,1,0.819393386243386,1,1,0.819393386243386
"Amyloid beta20",1,1,1,1,1,1,1,1,1,1,1
"Amyloid beta40",1,1,1,1,1,1,1,1,1,1,1
"JAK2",1,1,1,1,1,1,1,1,1,1,1
"JNK1",1,0.819393386243386,0.819393386243386,1,1,1,0.819393386243386,0.819393386243386,0.819393386243386,0.819393386243386,1
"CDK6",1,1,0.476133994708995,0.963340873015873,0.963340873015873,1,0.476133994708995,0.476133994708995,1,1,1
"PI3K (class 1)",0,0.531498412698413,0.631154365079365,0.0166093253968254,0.531498412698413,1,1,1,0.597935714285714,0.531498412698413,1
"PI3Kgamma",1,1,1,1,1,1,1,1,1,1,1
"RSK",1,1,1,1,1,1,1,1,1,1,1
"G9a and GLP",0.870328650793651,1,1,0.870328650793651,0.870328650793651,1,1,0.870328650793651,1,0.870328650793651,1
"FLT4",0.61454503968254,0.39862380952381,0.808320502645503,0.61454503968254,1,0.808320502645503,1,0.808320502645503,0.808320502645503,0.61454503968254,0.808320502645503
"NTRK2",1,1,0.764028968253968,1,0.564717063492064,1,1,0.564717063492064,1,1,1
"LTK",1,1,0.936765952380952,0.642227248677249,1,0.83046626984127,0.642227248677249,0.199311904761905,1,1,1
"TAK1",0.531498412698413,1,1,0.941195105820106,0.0996559523809524,1,0.941195105820106,1,0.941195105820106,0.941195105820106,1
"ERK2",1,1,1,1,1,1,1,1,1,1,1
"HDAC6",1,0.232530555555556,1,1,1,1,1,1,1,1,1
"VEGFR1",0.132874603174603,0.548107738095238,0.939613265306122,0.365405158730159,0.43184246031746,1,1,0.750741507936508,0.959188541666667,0.939613265306122,1
"VEGFR3",1,0.642227248677249,1,1,1,0.232530555555556,0.642227248677249,1,1,1,1
"MTORC2",1,0.498279761904762,1,1,1,1,0.506584424603175,0.717522857142857,0.498279761904762,0.506584424603175,1
"PIM3",1,0.0885830687830688,1,1,0.0885830687830688,1,1,0.0885830687830688,0.664373015873016,1,1
"ALK5",0.0332186507936508,0.719737433862434,1,0.0996559523809524,1,1,1,1,1,1,1
"TNKS1",1,1,1,1,1,1,1,1,1,1,1
"TNKS2",0.697591666666667,0.933444087301587,0.83995731292517,0.83995731292517,0.564717063492064,0.697591666666667,0.83995731292517,0.925969890873016,0.933444087301587,1,0.83995731292517
"TOP1",1,1,1,1,1,1,1,1,1,1,1
"Antimetabolite",0.39862380952381,1,0.265749206349206,1,1,1,1,1,1,1,1
"MEK1",0.465061111111111,1,1,0.465061111111111,0.465061111111111,1,1,0.465061111111111,0.81717880952381,0.996559523809524,1
"MEK2",0.514889087301587,0.514889087301587,1,0.620081481481481,1,1,1,1,0.956697142857143,0.95503621031746,1
"PARP1",1,1,1,1,1,1,1,1,1,1,1
"PARP2",1,1,1,1,1,1,1,1,1,1,1
"CHEK1",0.0664373015873016,0.977577437641723,1,0.977577437641723,0.977577437641723,0.977577437641723,0.977577437641723,0.977577437641723,1,1,1
"NTRK1",0.664373015873016,0.697591666666667,1,1,1,1,1,1,1,1,1
"p38",1,1,1,1,1,1,1,1,1,1,1
"MDM2",1,1,1,1,1,1,1,1,1,1,1
