"","EGFR","Hypoxia","JAK.STAT","MAPK","NFkB","PI3K","TGFb","TNFa","Trail","VEGF","p53"
"906804",-0.845888357449844,-0.676710239386331,-0.138750392220006,0.588826472953026,-1.26906491939694,-0.660773322948359,-1.15180735538004,-1.63765117163493,0.128633189261876,-0.768720293698038,1.3016700446363
"906825",0.440169623598824,0.67722876075089,1.8731226020633,-0.47562245798136,1.1195106290765,0.246490898908585,0.484379811231999,0.696208532300948,0.960919304843578,0.899388360303228,1.34226915582497
"949090",-1.42625804250312,-1.17431818207763,0.240816010303398,-1.19649508374187,-1.00512183720317,-0.47681126282009,-0.236420293881527,-0.853859163015464,-1.64286128067538,-1.12541713949611,-1.1073119470643
"1479987",0.239667015009395,0.0300663100445327,0.584784330980054,0.168678273557542,1.58522560320583,0.000288756862876137,0.660290181426409,2.32393261894424,1.10327973897404,0.516563000767479,0.92607383432229
"911905",0.163660211169946,-0.38073311048247,0.50364107929643,-0.349694963443271,1.25053890528843,-1.32912045463788,0.63403401080559,1.49251712318787,0.358869289126288,-0.817243004247494,0.496810726683594
"906852",1.0070820227617,2.81586214463023,0.0834222042035009,0.0273378882711195,-0.235082221496551,0.921724013845745,1.08074687336738,-0.0670870007197706,0.273402966097174,-0.298842868507148,-0.234864842894592
"1240128",1.07431538982308,-0.521006223400721,-0.99426629913756,1.57364550523849,0.461941143946309,-0.439973828611148,-0.77858842126158,0.536411140158498,-0.40643390410883,1.24597115510174,-1.12330712841209
"1240129",0.302614986506482,1.17448687871564,0.708677374216704,0.367151216817235,0.398980270264288,-0.415311142562261,1.45706786122924,0.160195735703273,1.61165371533217,-0.251251144454373,-0.74997351236497
"1479988",1.69801754400921,0.45011002079321,-1.03553383588805,1.9608836893735,-0.219670724830638,2.02136650673514,-0.518906884216034,-0.519638111414485,1.53273539600341,0.373755491273386,0.590046668571741
"905968",-0.312225691802102,-0.681935780452244,-1.02020193822039,0.319428236709888,-0.64332951603454,-0.570828855564678,-0.154035768879865,-0.979660876761132,-1.4207105590182,-1.28356204884734,0.602777922465085
"1479995",0.840724688093617,0.096580830906225,-0.222157802016229,0.557522971549287,1.16192633051536,-0.0723515984600339,0.71488608030441,1.64541185990331,-0.54618409541241,-0.0578918802578133,-1.06487072598588
"1480358",-0.426221041482078,-0.248253312692024,2.01836765641694,-0.407433515847092,-0.52070984751862,-0.93919894220935,1.13984132835346,-0.439198837464036,-0.764617472313096,0.279716483220741,-0.607920302302824
"1480359",-0.110234089983779,-1.4120196553876,1.75903512551894,0.500138983833807,0.666933233628263,-0.699031501835865,0.320000453514215,0.591817939706232,-1.08066823873821,-0.851848962665047,-0.45416194467761
"924186",-0.384324865635806,0.562821331015462,0.09319549316036,-0.852935004973529,-0.418098220081987,1.38602041362858,0.411048466611359,-0.535172487520303,0.940285664190266,1.45868085615436,0.045483247949071
"909975",-0.686359233270132,0.488990107582677,0.158917120028693,-0.618659043595487,-1.15937020558898,0.517261934640142,1.59661014907448,-0.794906617878572,-0.991252737084239,0.584519894207992,-1.21577133333162
"946360",-1.49160511201215,0.841998714671386,-0.335358628977656,-0.781929464697876,-0.390296438984795,-0.269279594382926,0.39408285902725,-0.526111567234817,-0.843620829528621,-0.446424085042093,-0.627279131164398
"910548",-0.201272143740166,-1.06642851624445,0.0153163620971671,-0.0386593246908825,0.906105640544285,-0.75013243416429,-0.348027793186705,0.448047230284747,-0.440054332223338,-1.0569361010494,1.17418087594799
"909257",-1.02710499417498,0.724008783642775,0.310014466681437,-1.00273805004653,-0.649892393250854,-1.14070874026936,0.470347770338689,-0.488816150482181,-0.587702711920071,1.75525776974526,-1.00694867665837
"1480361",-0.447218813874932,0.335736502774532,-1.22100007221292,0.0215112993724496,-0.126840941249329,0.381116130776038,1.69827920528612,0.927256752682145,-0.986440937943842,0.291244254121709,-1.23987334522741
"1480362",1.24998464908522,2.22712010083084,0.852225428245082,0.929289781474216,3.34067307860748,0.667326186617114,0.142257262401116,2.78032446162645,1.35817312809887,1.56864179684795,-1.11325866431021
"1480360",1.60703394187915,1.28200126871343,1.49718580499115,1.60741503620165,0.0361377262077952,1.53217955045817,1.75355261196707,0.34682072312546,0.125257289360699,1.18813302820501,-0.470245424165418
"1240197",0.198432982885793,-1.91496932222998,-0.762216764812829,-0.0336312301307976,0.262837023618124,0.557743744001961,-2.2785597511434,0.144541584475286,-0.0752001101552369,-0.256320467968787,0.745356726232425
"1480364",0.403720927772315,-0.31963788036436,-1.21754872244818,0.418278690390249,0.522164786671198,1.40712646594431,-0.0638335675742764,0.590183214786842,-0.754246155784396,-0.401390156305268,1.10497195335835
"1480367",0.440169623598824,0.67722876075089,1.8731226020633,-0.47562245798136,1.1195106290765,0.246490898908585,0.484379811231999,0.696208532300948,0.960919304843578,0.899388360303228,1.34226915582497
"905933",-1.58519147868126,-0.376509518562963,-0.616151665658846,-1.41637407467622,-0.660907584291977,-0.583535989799197,-0.500370927203403,-0.812413830478492,-0.449850642829285,-1.93628429892169,-0.637841368269679
"905990",-1.64837786070652,-0.970275283672229,-1.31417689218627,-1.62523727530544,-1.01773005248032,-0.214663945681954,0.901302186401509,-0.904117629167138,-0.897167686780882,-0.982745219029401,-0.944733449115118
"905969",0.662086026291313,-0.0275093529768316,0.510557802571734,0.591341637921398,-0.753652768575046,-0.388667096168038,-0.717250725771673,-0.468926867320543,-0.799130403642056,0.329128413901937,-0.177646301846525
"905991",-1.54271936967876,0.477609837448723,0.749859270759969,-1.6977991784882,-0.089987718833178,-1.58282581319741,-0.180291125114564,-0.131348994050459,1.18769693791303,0.210998126815657,-0.990819090119499
"1240198",-0.852454045789919,-0.43158752742254,0.0395909812111087,-0.586036995315275,-0.377197872990579,-0.619336181225307,0.0508344285028078,-0.455022709045092,-0.200394069480141,-1.369382507107,1.5023578655989
"1480371",-1.49925663597269,-1.36112096904651,-0.933186500031293,-1.31364753459762,-1.39757309470538,-0.15227140885747,-0.545594291680134,-1.43655825648114,-0.865044860752836,0.471669110812478,0.284707822387473
"1240199",-1.54584369212263,-0.368530291909042,1.11434340748744,-2.19431067700741,-0.998456850473238,-1.97097993165249,-0.818676338873356,-0.259055717602687,-0.537861090922872,-0.749594165529338,-0.0594674964802194
"1240200",0.872616943723243,-1.53526838119032,-1.38364893748785,0.955914098250489,-0.632263416247396,-0.299619271436179,-1.76533307913134,-0.650985561733445,-0.698906862940304,-0.979796024414914,2.01832122716034
"1298365",0.723600825988746,1.32901104458499,-0.0395520086690789,0.248026507551143,0.195102105401588,2.33828153171649,-1.00412926468693,0.209973982786862,0.173963045079122,1.16733063487629,1.93294774027128
"909255",-0.0165036883905899,0.0636003590176314,-1.12745297326215,0.553592104919065,-1.07028380892523,0.24786540206675,1.09385671060824,-1.3837253675687,0.0957613741891935,-0.0340989514838596,1.65406044459329
"1480372",0.928730549446105,0.370057835853681,-0.522303165378436,0.248312739271863,-0.958592095850527,1.58189636313941,0.667357775890985,-0.199173600617879,-0.816300242761728,0.486896028033952,-0.521779695961397
"1298539",0.983437819095086,-0.428389806099838,-0.514158372765041,1.81189335681569,1.63117860792103,0.572832746785098,-0.633713231446895,0.861582636944527,2.51836370866238,2.16309093514801,-1.03496537128933
"909699",-0.629745612224713,-0.0262288514137642,-0.935280954262509,-1.08184670100083,-0.492205963719429,-2.09493522009365,-0.819275732013604,-0.64453287259792,0.396478660227593,0.303663056411681,-0.00545076804416121
"905959",0.0273274383856313,0.113297773091111,-0.43042726770119,-0.703702000383601,-0.0597268606229387,-0.482639582514614,0.288599520370474,-0.506528738258751,-0.375180226023149,0.406891889159924,-0.517676668449129
"909753",1.33061008729587,-0.592387186363983,-0.859523261291281,0.983901188369313,-0.761741183486405,0.437175012488078,-1.92547682750015,-0.54953062685154,2.85768165346886,0.503056042430431,-0.527591494155189
"1299070",-1.1019029913967,0.877404416604916,-1.2973563569192,-0.0817592088284816,-1.35736252506989,0.29023689275057,-1.67919476626664,-1.65500944479439,-0.358991523746378,-1.70183791825752,-0.995144919257146
"1240222",0.292347001601036,1.17791645659807,-0.806311651891858,0.192353830676149,0.868204281784953,-0.401875803682994,0.924408596727784,0.70946573188416,0.147957843713896,-0.859195111223245,1.5096919201055
"909774",2.02002342982382,-1.54068138617666,1.19442409699413,1.94410162180439,0.578449216810743,1.47427565941555,-1.3833306358728,-0.00699098457158405,-0.0415514515539263,0.775741801964873,-0.484815685419638
"1480374",0.274334033048469,-0.738637461469345,1.54594524414801,0.364589111411191,1.15973984933923,-0.272827186913707,0.134652826412339,1.74512338446364,-0.151659783046577,-1.65094414130145,-0.660278044966911
