"","EGFR","Hypoxia","JAK.STAT","MAPK","NFkB","PI3K","TGFb","TNFa","Trail","VEGF","p53"
"EGFR",0.404,0.417,0.007,0.507,0.306,0.164,0.112,0.028,0.574,0.466,0.042
"MTORC1",0.107,0.495,0.457,0.286,0.168,0.071,0.354,0.087,0.331,0.451,0.4
"PDGFR",0.372,0.342,0.01,0.125,0.276,0.111,0.411,0.344,0.043,0.049,0.134
"KIT",0.507,0.283,0.044,0.387,0.418,0.204,0.168,0.136,0.245,0.127,0.105
"VEGFR",0.451,0.23,0.424,0.506,0.151,0.128,0.02,0.304,0.02,0.323,0.009
"FLT3",0.057,0.026,0.197,0.047,0.093,0.637,0.006,0.027,0.524,0.125,0.018
"RET",0.042,0.245,0.345,0.037,0.44,0.277,0.518,0.069,0.14,0.038,0.19
"CSF1R",0.336,0.401,0.158,0.337,0.161,0.195,0.107,0.377,0.096,0.565,0.213
"MET",0.297,0.373,0.263,0.196,0.044,0.168,0.246,0.161,0.226,0.368,0.249
"Proteasome",0.332,0.354,0.308,0.442,0.481,0.237,0.098,0.516,0.373,0.317,0.192
"Microtubule stabiliser",0.556,0.243,0.293,0.209,0.383,0.407,0.425,0.409,0.198,0.332,0.23
"SMO",0.169,0.301,0.492,0.213,0.133,0.111,0.186,0.398,0.122,0.16,0.513
"BRAF",0.401,0.231,0.355,0.049,0.414,0.27,0.104,0.137,0.416,0.131,0.329
"AURKA",0.252,0.517,0.374,0.22,0.246,0.514,0.092,0.271,0.173,0.422,0.08
"AURKB",0.298,0.599,0.135,0.263,0.393,0.494,0.363,0.245,0.137,0.014,0.458
"AURKC",0.479,0.28,0.496,0.321,0.688,0.315,0.272,0.552,0.155,0.106,0.089
"ABL",0.495,0.273,0.068,0.563,0.073,0.374,0.021,0.057,0.54,0.182,0.51
"ALK",0.387,0.045,0.262,0.488,0.351,0.121,0.266,0.047,0.299,0.466,0.556
"SRC",0.272,0.042,0.441,0.056,0.013,0.026,0.129,0.206,0.374,0.601,0.047
"CDK1",0.042,0.373,0.323,0.041,0.184,0.269,0.103,0.087,0.108,0.141,0.094
"CDK2",0.424,0.077,0.025,0.108,0.56,0.249,0.215,0.104,0.036,0.332,0.135
"CDK5",0.357,0.453,0.525,0.001,0.002,0.103,0.024,0.149,0.014,0.135,0.001
"CDK7",0.462,0.216,0.276,0.341,0.166,0.207,0.314,0.417,0.117,0.087,0.147
"CDK9",0.55,0.192,0.075,0.176,0.344,0.388,0.507,0.145,0.078,0.081,0.085
"PKC",0.467,0.069,0.282,0.194,0.081,0.126,0.037,0.438,0.53,0.409,0.078
"CDK4",0.172,0.094,0.188,0.066,0.1,0.134,0.036,0.119,0.107,0.483,0.011
"LCK",0.185,0.091,0.359,0.175,0.033,0.058,0.256,0.313,0.387,0.534,0.225
"BMX",0.126,0.365,0.083,0.055,0.151,0.444,0.434,0.352,0.302,0.24,0.218
"PLK1",0.177,0.126,0.152,0.094,0.302,0.162,0.23,0.092,0.111,0.211,0.469
"PLK3",0.06,0.427,0.014,0.37,0.402,0.161,0.189,0.016,0.108,0.113,0.154
"IGF1R",0.089,0.34,0.179,0.485,0.092,0.117,0.015,0.453,0.256,0.29,0.186
"IR",0.13,0.316,0.521,0.209,0.102,0.219,0.105,0.077,0.466,0.04,0.048
"MTOR",0.518,0.455,0.129,0.164,0.128,0.18,0.119,0.037,0.15,0.175,0.428
"AKT1",0.168,0.276,0.295,0.003,0.048,0.059,0.074,0.158,0.004,0.017,0.003
"AKT2",0.154,0.356,0.371,0.398,0.002,0.23,0.059,0.305,0.075,0.243,0.165
"AKT3",0.166,0.343,0.204,0.336,0.245,0.269,0.292,0.246,0.371,0.283,0.03
"HDAC1",0.38,0.102,0.45,0.036,0.126,0.32,0.063,0.41,0.044,0.188,0.052
"IKK",0.242,0.246,0.521,0.118,0.282,0.139,0.051,0.18,0.159,0.063,0.234
"PI3Kbeta",0.304,0.034,0.153,0.369,0.05,0.028,0.075,0.484,0.311,0.299,0.019
"ERK5",0.34,0.366,0.471,0.439,0.108,0.096,0.04,0.347,0.401,0.507,0.014
"ERBB2",0.341,0.018,0.637,0.066,0.051,0.106,0.011,0.25,0.237,0.155,0.04
"ROCK1",0.42,0.056,0.254,0.118,0.517,0.138,0.125,0.509,0.132,0.094,0.089
"ROCK2",0.401,0.304,0.273,0.191,0.345,0.315,0.401,0.1,0.165,0.078,0.374
"DNA crosslinker",0.237,0.417,0.035,0.13,0.416,0.211,0.028,0.015,0.221,0.159,0.198
"Microtubule destabiliser",0.137,0.343,0.275,0.422,0.282,0.54,0.382,0.389,0.153,0.312,0.293
"AR",0.434,0.125,0.091,0.274,0.381,0.106,0.261,0.338,0.39,0.238,0.263
"ATM",0.187,0.52,0.462,0.202,0.303,0.222,0.114,0.437,0.171,0.294,0.055
"FLT1",0.13,0.533,0.213,0.272,0.017,0.427,0.013,0.539,0.204,0.232,0.246
"GSK3A",0.114,0.08,0.381,0.237,0.538,0.209,0.144,0.607,0.537,0.468,0.071
"GSK3B",0.028,0.117,0.112,0.088,0.062,0.152,0.432,0.147,0.308,0.46,0.044
"PDGFRA",0.313,0.564,0.073,0.018,0.359,0.4,0.039,0.204,0.108,0.579,0.114
"VEGFR2",0.006,0.182,0.031,0.11,0.206,0.411,0.115,0.156,0.383,0.431,0.267
"FGFR1",0.06,0.13,0.315,0.212,0.043,0.13,0.139,0.027,0.198,0.441,0.331
"TIE2",0.129,0.179,0.192,0.222,0.406,0.483,0.147,0.176,0.279,0.079,0.222
"JNK2",0.295,0.314,0.441,0.409,0.337,0.408,0.442,0.378,0.355,0.093,0.098
"BRD2",0.426,0.452,0.115,0.015,0.202,0.215,0.221,0.073,0.186,0.01,0.043
"BRD3",0.521,0.358,0.324,0.441,0.485,0.462,0.01,0.041,0.28,0.111,0.241
"BRD4",0.11,0.044,0.378,0.06,0.125,0.065,0.318,0.128,0.5,0.279,0.098
"BRDT",0.016,0.38,0.085,0.078,0.231,0.048,0.162,0.376,0.104,0.418,0.113
"FNTA",0.341,0.492,0.134,0.387,0.054,0.08,0.362,0.026,0.07,0.032,0.224
"PDK1 (PDPK1)",0.556,0.092,0.031,0.33,0.089,0.472,0.26,0.431,0.437,0.313,0.065
"BCL2",0.021,0.245,0.128,0.026,0.396,0.068,0.321,0.298,0.422,0.129,0.017
"BCL-XL",0.042,0.245,0.167,0.215,0.318,0.401,0.175,0.577,0.217,0.507,0.495
"BCL-W",0.273,0.064,0.207,0.385,0.112,0.446,0.025,0.116,0.041,0.054,0.055
"MCL1",0.533,0.114,0.334,0.567,0.026,0.046,0.027,0.552,0.286,0.284,0.084
"dsDNA break",0.464,0.067,0.054,0.012,0.548,0.225,0.411,0.032,0.139,0.333,0.01
"BTK",0.069,0.344,0.289,0.112,0.104,0.146,0.147,0.429,0.151,0.093,0.409
"HSP90",0.043,0.292,0.393,0.462,0.52,0.415,0.419,0.286,0.462,0.116,0.094
"PDGFRB",0.055,0.061,0.077,0.266,0.186,0.577,0.005,0.045,0.131,0.303,0.664
"IKK2",0.45,0.479,0.401,0.121,0.087,0.253,0.056,0.274,0.433,0.312,0.005
"Amyloid beta20",0.4,0.329,0.036,0.011,0.376,0.021,0.176,0.064,0.387,0.146,0.062
"Amyloid beta40",0.2,0.409,0.436,0.057,0.26,0.106,0.083,0.028,0.349,0.53,0.216
"JAK2",0.38,0.198,0.561,0.181,0.022,0.097,0.027,0.281,0.162,0.357,0.011
"JNK1",0.115,0.39,0.156,0.411,0.038,0.338,0.023,0.216,0.407,0.264,0.35
"CDK6",0.458,0.383,0.248,0.318,0.218,0.237,0.31,0.083,0.309,0.468,0.296
"PI3K (class 1)",0.123,0.457,0.51,0.067,0.101,0.109,0.033,0.411,0.098,0.294,0.007
"PI3Kgamma",0.253,0.234,0.515,0.242,0.068,0.047,0.165,0.343,0.484,0.149,0.005
"RSK",0.534,0.274,0.353,0.365,0.321,0.275,0.318,0.4,0.456,0.172,0.171
"G9a and GLP",0.502,0.477,0.221,0.208,0.094,0.14,0.394,0.415,0.318,0.42,0.205
"FLT4",0.1,0.407,0.326,0.008,0.17,0.185,0.01,0.181,0.381,0.457,0
"NTRK2",0.119,0.253,0.146,0.153,0.485,0.269,0.31,0.387,0.247,0.586,0.037
"LTK",0.341,0.143,0.199,0.25,0.289,0.134,0.131,0.199,0.063,0.119,0.189
"TAK1",0.138,0.291,0.45,0.402,0.533,0.452,0.062,0.24,0.257,0.298,0.099
"ERK2",0.177,0.385,0.023,0.411,0.36,0.197,0.049,0.123,0.097,0.168,0.398
"HDAC6",0.206,0.106,0.218,0.019,0.541,0.316,0.387,0.177,0.184,0.282,0.152
"VEGFR1",0.159,0.238,0.586,0.028,0.426,0.419,0.049,0.139,0.248,0.32,0.135
"VEGFR3",0.559,0.572,0.341,0.052,0.275,0.362,0.329,0.492,0.168,0.149,0.244
"MTORC2",0.224,0.37,0.232,0.305,0.044,0.266,0.072,0.483,0.39,0.378,0.21
"PIM3",0.118,0.206,0.326,0.17,0.53,0.065,0.092,0.341,0.49,0.006,0.085
"ALK5",0.133,0.212,0.149,0.099,0.269,0.217,0.299,0.319,0.16,0.385,0.227
"TNKS1",0.67,0.555,0.264,0.389,0.641,0.099,0.26,0.27,0.262,0.037,0.23
"TNKS2",0.122,0.614,0.029,0.234,0.21,0.588,0.521,0.055,0.081,0.578,0.226
"TOP1",0.146,0.317,0.276,0.196,0.301,0.503,0.238,0.054,0.257,0.442,0.285
"Antimetabolite",0.236,0.185,0.188,0.47,0.421,0.152,0.273,0.103,0.266,0.12,0.383
"MEK1",0.132,0.523,0.058,0.082,0.441,0.193,0.371,0.185,0.308,0.36,0.187
"MEK2",0.178,0.262,0.212,0.178,0.376,0.215,0.541,0.05,0.181,0.397,0.27
"PARP1",0.359,0.117,0.386,0.218,0.485,0.189,0.562,0.19,0.364,0.423,0.459
"PARP2",0.332,0.166,0.367,0.269,0.36,0.509,0.446,0.269,0.52,0.324,0.262
"CHEK1",0.466,0.409,0.266,0.405,0.093,0.42,0.211,0.189,0.253,0.17,0.429
"NTRK1",0.17,0.301,0.146,0.236,0.151,0.043,0.441,0.06,0.046,0.02,0.045
"p38",0.308,0.345,0.106,0.011,0.37,0.418,0.417,0.331,0.113,0.465,0.13
"MDM2",0.272,0.309,0.174,0.14,0.024,0.231,0.183,0.062,0.26,0.262,0
