"","EGFR","Hypoxia","JAK.STAT","MAPK","NFkB","PI3K","TGFb","TNFa","Trail","VEGF","p53"
"EGFR",1,1,0.232530555555556,1,1,1,0.930122222222222,0.465061111111111,1,1,0.465061111111111
"MTORC1",1,1,1,1,1,1,1,1,1,1,1
"PDGFR",1,1,0.332186507936508,0.741883201058201,1,0.741883201058201,1,1,0.542571296296296,0.542571296296296,0.741883201058201
"KIT",1,1,1,1,1,1,1,1,1,1,1
"VEGFR",1,1,1,1,1,1,0.221457671957672,1,0.221457671957672,1,0.221457671957672
"FLT3",0.315577182539683,0.224225892857143,0.727119356261023,0.312255317460317,0.441333503401361,1,0.199311904761905,0.224225892857143,1,0.519041418650794,0.224225892857143
"RET",0.465061111111111,1,1,0.465061111111111,1,1,1,0.573021726190476,0.930122222222222,0.465061111111111,1
"CSF1R",1,1,1,1,1,1,1,1,1,1,1
"MET",1,1,1,1,1,1,1,1,1,1,1
"Proteasome",1,1,1,1,1,1,1,1,1,1,1
"Microtubule stabiliser",1,1,1,1,1,1,1,1,1,1,1
"SMO",1,1,1,1,1,1,1,1,1,1,1
"BRAF",1,1,1,1,1,1,1,1,1,1,1
"AURKA",1,1,1,1,1,1,1,1,1,1,1
"AURKB",1,1,1,1,1,1,1,1,1,0.465061111111111,1
"AURKC",1,1,1,1,1,1,1,1,1,1,1
"ABL",1,1,0.606240376984127,1,0.606240376984127,1,0.606240376984127,0.606240376984127,1,1,1
"ALK",1,0.780638293650794,1,1,1,1,1,0.780638293650794,1,1,1
"SRC",1,0.372048888888889,1,0.372048888888889,0.372048888888889,0.372048888888889,0.714200992063492,0.977577437641723,1,1,0.372048888888889
"CDK1",0.597935714285714,1,1,0.597935714285714,0.764028968253968,0.992868562610229,0.597935714285714,0.597935714285714,0.597935714285714,0.669118537414966,0.597935714285714
"CDK2",1,0.717522857142857,0.597935714285714,0.717522857142857,1,1,1,0.717522857142857,0.597935714285714,1,0.747419642857143
"CDK5",1,1,1,0.0166093253968254,0.0221457671957672,0.570253505291005,0.159449523809524,0.618697371031746,0.116265277777778,0.618697371031746,0.0166093253968254
"CDK7",1,1,1,1,1,1,1,1,1,1,1
"CDK9",1,0.911140136054422,0.705896329365079,0.911140136054422,1,1,1,0.911140136054422,0.705896329365079,0.705896329365079,0.705896329365079
"PKC",1,0.672677678571429,1,1,0.672677678571429,0.83711,0.672677678571429,1,1,1,0.672677678571429
"CDK4",0.624510634920635,0.556412400793651,0.624510634920635,0.556412400793651,0.556412400793651,0.556412400793651,0.556412400793651,0.556412400793651,0.556412400793651,1,0.365405158730159
"LCK",1,1,1,1,0.963340873015873,0.963340873015873,1,1,1,1,1
"BMX",1,1,1,1,1,1,1,1,1,1,1
"PLK1",0.83995731292517,0.83995731292517,0.83995731292517,0.83995731292517,1,0.83995731292517,0.848921075837743,0.83995731292517,0.83995731292517,0.848921075837743,1
"PLK3",0.664373015873016,1,0.265749206349206,1,1,0.764028968253968,0.784790625,0.265749206349206,0.750741507936508,0.750741507936508,0.764028968253968
"IGF1R",0.971645535714286,1,1,1,0.971645535714286,0.971645535714286,0.498279761904762,1,1,1,1
"IR",0.719737433862434,1,1,0.90936056547619,0.697591666666667,0.90936056547619,0.697591666666667,0.697591666666667,1,0.697591666666667,0.697591666666667
"MTOR",1,1,0.747419642857143,0.747419642857143,0.747419642857143,0.747419642857143,0.747419642857143,0.747419642857143,0.747419642857143,0.747419642857143,1
"AKT1",0.620081481481482,0.890863816738817,0.890863816738817,0.0442915343915344,0.318899047619048,0.326650066137566,0.351168594104308,0.620081481481482,0.0442915343915344,0.141179265873016,0.0442915343915344
"AKT2",1,1,1,1,0.0664373015873016,1,0.83046626984127,1,0.83046626984127,1,1
"AKT3",1,1,1,1,1,1,1,1,1,1,0.996559523809524
"HDAC1",1,0.677660476190476,1,0.52319375,0.697591666666667,1,0.52319375,1,0.52319375,0.892158049886621,0.52319375
"IKK",0.907976455026455,0.907976455026455,1,0.907976455026455,0.936765952380952,0.907976455026455,0.907976455026455,0.907976455026455,0.907976455026455,0.907976455026455,0.907976455026455
"PI3Kbeta",1,0.376478042328042,0.847075595238095,1,0.415233134920635,0.376478042328042,0.498279761904762,1,1,1,0.376478042328042
"ERK5",1,1,1,1,0.896903571428571,0.896903571428571,0.664373015873016,1,1,1,0.465061111111111
"ERBB2",1,0.298967857142857,1,0.438486190476191,0.423537797619048,0.586862830687831,0.298967857142857,0.922740299823633,0.922740299823633,0.735555839002268,0.423537797619048
"ROCK1",1,0.654881972789116,1,0.654881972789116,1,0.654881972789116,0.654881972789116,1,0.654881972789116,0.654881972789116,0.654881972789116
"ROCK2",1,1,1,1,1,1,1,1,1,1,1
"DNA crosslinker",0.874757804232804,1,0.387550925925926,0.874757804232804,1,0.874757804232804,0.387550925925926,0.387550925925926,0.874757804232804,0.874757804232804,0.874757804232804
"Microtubule destabiliser",1,1,1,1,1,1,1,1,1,1,1
"AR",1,1,1,1,1,1,1,1,1,1,1
"ATM",1,1,1,1,1,1,1,1,1,1,1
"FLT1",1,1,1,1,0.282358531746032,1,0.282358531746032,1,1,1,1
"GSK3A",1,1,1,1,1,1,1,1,1,1,1
"GSK3B",0.631154365079365,0.631154365079365,0.631154365079365,0.631154365079365,0.631154365079365,0.631154365079365,1,0.631154365079365,1,1,0.631154365079365
"PDGFRA",1,1,0.757385238095238,0.597935714285714,1,1,0.647763690476191,1,0.757385238095238,1,0.757385238095238
"VEGFR2",0.199311904761905,0.977577437641723,0.514889087301587,0.95503621031746,0.977577437641723,1,0.95503621031746,0.977577437641723,1,1,1
"FGFR1",0.664373015873016,0.76956541005291,1,0.880294246031746,0.664373015873016,0.76956541005291,0.76956541005291,0.664373015873016,0.880294246031746,1,1
"TIE2",0.92181755952381,0.92181755952381,0.92181755952381,0.92181755952381,1,1,0.92181755952381,0.92181755952381,1,0.92181755952381,0.92181755952381
"JNK2",1,1,1,1,1,1,1,1,1,1,1
"BRD2",1,1,0.764028968253968,0.249139880952381,0.815702425044092,0.815702425044092,0.815702425044092,0.606240376984127,0.815702425044092,0.249139880952381,0.476133994708995
"BRD3",1,1,1,1,1,1,0.332186507936508,0.680982341269841,1,1,1
"BRD4",0.607426757369614,0.607426757369614,1,0.607426757369614,0.607426757369614,0.607426757369614,1,0.607426757369614,1,1,0.607426757369614
"BRDT",0.531498412698413,1,0.625617923280423,0.625617923280423,0.959188541666667,0.625617923280423,0.768774489795918,1,0.625617923280423,1,0.625617923280423
"FNTA",1,1,0.741883201058201,1,0.531498412698413,0.531498412698413,1,0.531498412698413,0.531498412698413,0.531498412698413,1
"PDK1 (PDPK1)",1,0.764028968253968,0.764028968253968,1,0.764028968253968,1,1,1,1,1,0.764028968253968
"BCL2",0.287894973544974,1,0.714200992063492,0.287894973544974,1,0.564717063492064,1,1,1,0.714200992063492,0.287894973544974
"BCL-XL",1,1,1,1,1,1,1,1,1,1,1
"BCL-W",1,0.42519873015873,0.859532589285714,1,0.550480498866213,1,0.42519873015873,0.550480498866213,0.42519873015873,0.42519873015873,0.42519873015873
"MCL1",1,0.757385238095238,1,1,0.448451785714286,0.509352645502645,0.448451785714286,1,1,1,0.697591666666667
"dsDNA break",1,0.445129920634921,0.445129920634921,0.199311904761905,1,1,1,0.354332275132275,0.76956541005291,1,0.199311904761905
"BTK",0.716573752834467,1,1,0.716573752834467,0.716573752834467,0.716573752834467,0.716573752834467,1,0.716573752834467,0.716573752834467,1
"HSP90",1,1,1,1,1,1,1,1,1,1,1
"PDGFRB",0.506584424603175,0.506584424603175,0.511567222222222,1,0.882667006802721,1,0.166093253968254,0.506584424603175,0.725273875661376,1,1
"IKK2",1,1,1,1,0.963340873015873,1,0.930122222222222,1,1,1,0.166093253968254
"Amyloid beta20",1,1,0.398623809523809,0.348795833333333,1,0.348795833333333,0.83521179138322,0.42519873015873,1,0.808320502645503,0.42519873015873
"Amyloid beta40",1,1,1,0.880294246031746,1,0.880294246031746,0.880294246031746,0.880294246031746,1,1,1
"JAK2",1,0.939613265306122,1,0.939613265306122,0.298967857142857,0.805552281746032,0.298967857142857,1,0.939613265306122,1,0.298967857142857
"JNK1",1,1,1,1,0.631154365079365,1,0.631154365079365,1,1,1,1
"CDK6",1,1,1,1,1,1,1,1,1,1,1
"PI3K (class 1)",0.583699149659864,1,1,0.583699149659864,0.583699149659864,0.583699149659864,0.548107738095238,1,0.583699149659864,1,0.232530555555556
"PI3Kgamma",1,1,1,1,0.752956084656085,0.752956084656085,1,1,1,1,0.166093253968254
"RSK",1,1,1,1,1,1,1,1,1,1,1
"G9a and GLP",1,1,1,1,1,1,1,1,1,1,1
"FLT4",0.83046626984127,1,1,0.110728835978836,0.877921485260771,0.877921485260771,0.110728835978836,0.877921485260771,1,1,0
"NTRK2",1,1,1,1,1,1,1,1,1,1,1
"LTK",1,0.826313938492064,0.826313938492064,0.922740299823633,0.960019007936508,0.826313938492064,0.826313938492064,0.826313938492064,0.826313938492064,0.826313938492064,0.826313938492064
"TAK1",1,1,1,1,1,1,1,1,1,1,1
"ERK2",0.934867743764172,1,0.764028968253968,1,1,0.934867743764172,0.813856944444445,0.934867743764172,0.934867743764172,0.934867743764172,1
"HDAC6",1,1,1,0.631154365079365,1,1,1,1,1,1,1
"VEGFR1",1,1,1,0.813856944444445,1,1,0.813856944444445,1,1,1,1
"VEGFR3",1,1,1,1,1,1,1,1,1,1,1
"MTORC2",1,1,1,1,1,1,1,1,1,1,1
"PIM3",0.783960158730159,0.977577437641723,1,0.941195105820106,1,0.764028968253968,0.764028968253968,1,1,0.199311904761905,0.764028968253968
"ALK5",1,1,1,1,1,1,1,1,1,1,1
"TNKS1",1,1,1,1,1,1,1,1,1,1,1
"TNKS2",1,1,0.896903571428571,1,1,1,1,0.896903571428571,0.896903571428571,1,1
"TOP1",1,1,1,1,1,1,1,1,1,1,1
"Antimetabolite",1,1,1,1,1,1,1,1,1,1,1
"MEK1",1,1,1,1,1,1,1,1,1,1,1
"MEK2",1,1,1,1,1,1,1,1,1,1,1
"PARP1",1,1,1,1,1,1,1,1,1,1,1
"PARP2",1,1,1,1,1,1,1,1,1,1,1
"CHEK1",1,1,1,1,1,1,1,1,1,1,1
"NTRK1",0.705896329365079,0.999881388888889,0.705896329365079,0.87106684303351,0.705896329365079,0.382014484126984,1,0.39862380952381,0.382014484126984,0.382014484126984,0.382014484126984
"p38",1,1,1,0.365405158730159,1,1,1,1,1,1,1
"MDM2",0.903547301587302,0.9331420995671,0.903547301587302,0.903547301587302,0.39862380952381,0.903547301587302,0.903547301587302,0.686518783068783,0.903547301587302,0.903547301587302,0
