"","EGFR","Hypoxia","JAK.STAT","MAPK","NFkB","PI3K","TGFb","TNFa","Trail","VEGF","p53"
"910704",-0.0250516050924567,-0.41334948438378,-0.754638765390254,-0.592140121445323,0.00243521465915294,0.00189037476543866,-1.42042585818748,-0.257399681229462,-1.73524539715987,0.160107389505359,-0.69140293427002
"906801",-0.283003242688787,-0.394256554533929,-0.0531827777724342,0.13495211247336,-0.100189502137608,-0.852322951985979,0.423131859366582,0.152439196604281,-0.821970410532007,2.93586393330365,-0.334648120481806
"946359",0.375505836838389,-1.0225073942992,-1.12688600036345,-0.45901027527487,-0.717061051358297,0.171756707837931,-0.294576492779061,-0.982489271786536,-0.202041534013441,0.0658803882160729,-0.312145554061597
"949093",-0.857264435909623,-0.0708434522422979,0.489480335987767,-1.24974959460192,-0.700745029575775,-0.850097220274451,-0.811024839456594,-1.01069688193328,-0.199715665529869,-0.190591908946457,-0.505211462047542
"905951",0.787414176811148,0.0328780267961868,1.23998663066737,1.61059794547779,0.656538161643119,0.947901595107708,1.99361380545786,0.863401178365374,2.25293814034647,1.87104117273348,-1.03268928344565
"906826",0.523998388063171,0.110433031166945,-0.235415114719916,0.693443911840062,-0.36005219311595,0.039252009463983,-0.693154228784274,-0.26113630492919,0.166987581759564,-0.223977105871832,-0.968198576235979
"924106",-1.62127227775333,-1.42515283251028,-1.26597107181004,-1.02297385492557,-0.905278620095872,-0.942065292376615,-0.990000631435683,-0.967641454958126,-1.48707153949149,0.186782061179832,-0.197017097327414
"910927",0.341052933685585,-0.680319327159407,-0.915162909756347,1.03463346650991,-0.263480389338603,-0.00328040181293333,1.02199424242983,0.111254779722901,-0.444017371840144,0.102642440570755,1.20948838028716
"910852",0.841858982758269,0.558838223616798,2.7279661143011,0.493714684894277,1.54491602535137,-0.297476470268146,1.990798190635,2.30066343365703,0.769983943920554,0.77458637349161,0.32038015064354
"946382",-1.38672813634102,-1.22509399978783,0.0900569339818566,-1.65292604776298,-0.233210164977389,-1.61532136092304,-1.42361862020919,0.0970551437645585,-1.36430760983388,0.966966482626813,-0.839362937281534
"906812",-0.480307861658338,-0.0433021210870778,-1.05064476505843,0.256359939704992,-0.785799066880407,0.818372458980332,-1.13769486703855,-0.823749479336971,0.579541034234026,-0.534181128069214,-1.60019520072442
"906844",1.13235628024835,-0.105204995795169,-0.542083656939727,1.38942282483728,-0.961942659637076,-0.441759993382034,-0.564847563067239,-0.517538196181274,-0.383740668632307,-0.0813093988687998,0.543236818090936
"906851",-1.22405889587539,-0.428714358659648,-0.998477460191596,-1.18432489561502,-0.795421069645005,-1.45122818358108,-0.92158175139266,-0.572049560753512,0.342185458363602,1.11838822719505,-0.383795477717722
"1290798",0.118320327615231,-0.753147590944054,-0.0211528779353949,-0.0218260727512651,-0.355577558132033,-0.613141415412043,-0.0865149177406,-0.724947825734535,0.645340034860995,0.202956663230273,0.0292756152299615
"906862",-1.60540443366825,0.85332630673783,-1.28295647698126,-1.3757952955566,-0.65722193592227,-0.554044866915922,-0.310858205687247,-0.953924444733046,-1.36971628461363,-0.535644847516102,-0.776753924217591
"749710",1.98114308401031,0.30092326646377,0.542274013265274,1.72324403067674,1.56578684165485,1.5007559956918,0.205226696450515,1.1090534785043,1.14342341130021,-1.50115510223158,0.569758335424254
"749711",-1.25756650145808,-0.622936082450237,2.60335509623085,-0.821962856866641,-0.125792179531469,0.523735880292513,0.363958152222636,0.474504740499071,-0.90392032994318,-2.27891557359,-1.49171809030658
"749712",0.672113971190243,1.02934321354497,0.712209890826444,0.603863682530184,0.347325324122102,1.16350655288974,1.29556671383831,0.698645789854511,0.602118884781204,-1.02603180387978,-0.642349550434849
"907045",0.10530487713374,-0.0377103675340181,-1.1454082530735,-0.251446195056467,-0.565873926406256,-1.11102802258366,-0.18793604690922,-0.997635632918177,-0.355644680438602,-0.536650064049247,0.250830841176329
"1290905",-1.58765969527651,-0.44761372214195,-0.34422596499594,-1.59466473762936,-0.592037201299557,0.0567505436292271,-1.95054691109886,-1.10743028079204,-0.0523091820911493,-0.00137763486032867,0.769148755734342
"1303900",-0.968136472971317,-0.780870859203991,0.13326554206885,-1.43404092267185,-0.635828230178402,0.337195682545197,-1.0726206027003,-0.778458184653779,-0.956361156232943,-0.0342424457975966,1.54846570918668
"907046",0.00270076813524876,1.00452616003371,-0.110147828588296,0.196211526228108,0.251445560657597,0.200188765961298,-0.0372762509720731,0.9354178335079,0.837507017696691,-0.894254610168921,-0.968671446260268
"749713",-1.72576992626357,0.31240107876558,-0.76021969825544,-0.528545836067145,-0.744514474626614,0.839259872954448,0.427289816475616,-0.106460214905298,0.127464218751614,-1.17405720370053,-1.39363152368396
"907047",1.5659464029987,0.264925447798122,0.696368369432385,0.96767019833406,2.59337759936968,-0.387341803413932,1.18300773785379,2.24182943057406,1.4268344436308,-3.00305408898737,1.68389381148791
"749714",-0.0676107915021111,0.00136093841908354,2.04073793533356,-0.37870866065522,0.177434131041317,-0.148034083387231,0.281609809702158,0.320040705004989,0.0630798324698983,-1.09329602319235,1.80865509352678
"749709",1.35449139733139,0.207208296190207,0.806819470799611,1.85222191651312,0.276977006039613,0.311999879581637,-0.0480730829265264,0.375107576349324,-0.778720430231481,0.554986937472194,1.51849880715161
"1290906",0.0368580311105964,0.0614286848995911,0.035695508745773,-0.25270075669342,-0.368645615677132,-0.970419458502141,-0.612449953048774,-0.598240371420231,-0.998666217908142,0.492616368117876,-0.198064576833556
"749715",-0.349356260369429,-0.544492026452551,-0.904835581875895,-0.781416208719639,-0.831789419679217,-0.211697633792505,0.167674923453008,-0.505221489565143,-0.26138260119121,-0.195409919584302,-0.951969236695063
"749716",0.875862015441627,0.419684505869987,-0.501326055751605,0.0512965996973002,-0.191953911953569,0.487780108455998,-0.0739656855168032,-0.302789654664318,-1.50841291109756,-0.248609807231773,1.90438979166904
"749717",0.456470429725675,-0.348043244722546,0.222167500289344,0.481485245670434,-0.0627701891537016,1.51154603596448,2.4217204504419,0.52310359083533,-0.413542519787373,-0.037409270104895,-0.38965735232775
"907048",-0.555662858841769,0.565795774621752,1.11960036808446,-0.321261862052026,0.023598965661882,1.00673018167519,0.123959829024065,0.595827204906032,0.630079840224091,-0.0798410436482647,0.31472584801879
"1290922",-0.642740672637167,0.0118472061525718,1.97379208518398,-0.120832603921825,0.967975772206995,-2.47764614549889,1.74483031724291,1.16769527949358,1.67045142583502,0.373376983581197,-0.635279699367836
"905957",0.614176144948276,5.14437764058511,-0.858219412395719,1.07718143829123,0.534503355753864,2.3070853094444,2.15659289733058,0.306829775551591,1.83546657294554,1.12226929289982,-1.11450313009263
"905946",-1.66396448884615,-1.27166449246105,-0.734123773838378,-1.13648097973896,-0.609339756561648,-0.901331899830403,-1.17428745918013,-0.922565009313555,-1.00651893263442,-0.447018819255831,1.42303202611512
"925338",-1.00289564547904,0.243090780576017,-0.108389394429127,-0.733032223361716,-0.443801807275275,-1.02530141348335,0.368408119353628,0.297263959591786,0.0916162720089167,-0.651672594802248,-0.866336668971851
"908120",1.33033247491649,0.87610156789987,1.10467768331712,0.674528913521061,1.97804778013212,0.696171332739541,1.13479063904871,1.70595824813766,1.18330445573885,0.782514711966411,1.43020148086148
"905960",2.15783462774139,0.390138159014748,0.139936558552522,3.09614601055678,1.86841688111168,0.504295047043005,-0.320434708433269,1.27441673654101,2.11551112113435,0.104050081478498,-0.738866541256194
"1330941",-0.201874856543771,-1.34729479626412,1.35789085786964,0.0934371238022798,-0.4898943294304,-0.868446038352117,-0.135769358780817,-0.736183587992176,0.379503561861762,-0.230977444001258,-0.541041219401225
"908121",0.424077114575826,-0.9800122352149,-0.78959507540223,0.0595869058681177,-0.67803144270769,0.152443676234983,-0.11015851099086,-0.857928251678711,-0.00277354546289904,0.845984353888969,0.235757932624831
"924240",0.415795295205304,-0.793756258628327,-0.232851814027475,-0.103386970192691,-0.561655473013695,0.570252178224271,0.168889964860553,-0.733449476677363,-0.174866432430698,1.59617201299356,-0.18059003069193
"1240172",0.582148394383543,1.17995064017151,0.392004909569004,1.2864494642119,3.63814325829847,2.02830520446828,-1.23271435807432,2.84853475292661,1.35178267261742,-0.443921085939725,-1.93554307298003
"908122",-0.624724560214531,-0.299248548820751,-0.133640746085293,-0.640328040300871,-0.640396239524955,-1.04791165891536,-1.38191740811464,-1.04172405798497,-0.394252093781646,-0.340350126560134,1.32147296230758
"908123",0.285038577263723,0.420107553008627,0.0713737070355654,0.892808758391937,0.0628308565203292,1.29730765902521,-0.190200784073145,0.495172532711874,-0.0455317249868134,-0.365580995398502,-0.752332774830901
"910948",0.0178965558888423,0.538640519433555,-0.745896457350916,-0.0136446972512547,-0.687333805529141,-0.546650230154948,0.365363429607036,-0.919505573472078,0.158872918605957,1.28313566739076,0.207878883745299
"908151",-1.15196955242388,0.132776578495054,-1.0839238053473,-1.25111984984206,-0.645980232946816,0.895115612820138,-0.276637684938366,-0.919125668316471,-0.748748764749411,-1.49525975047434,-0.622739434055197
"909256",-0.48925801526848,-0.619099944239996,-1.09738875420588,-0.732540622047516,-0.651495750827436,0.815132446667273,0.118408200034059,-1.11691132682151,-1.96661945147139,-0.298015017812109,-0.0623625860218061
"905945",-0.880628374042557,-0.711318232137232,0.327884079714972,-1.11062663069085,-0.789999525066553,-1.97271188277284,-1.18472163122129,-0.725945185449456,0.552929759123048,0.000673076610755998,1.44486918246482
"910910",0.12182180820742,1.03762512445375,-0.392646692530799,-0.0347720457256669,-0.348459298635385,-0.841180098347959,0.0136240732147581,0.36703948079583,-0.180039251973869,0.398927729854595,0.985072694950837
"909778",1.50030913979639,-0.141278744216385,-0.721474450890662,0.401012717334895,-0.286378026271526,0.7048141575218,-0.0329091962489723,-0.654077556392896,-0.326897342658434,1.14686378794286,0.0948320411613953
"1303911",1.33033247491649,0.87610156789987,1.10467768331712,0.674528913521061,1.97804778013212,0.696171332739541,1.13479063904871,1.70595824813766,1.18330445573885,0.782514711966411,1.43020148086148
"909907",0.701749050184176,-1.06659862672447,-1.02133563861126,0.0554605265318476,-0.679850437243505,-0.455278076757726,-0.428332898085299,-0.871988471443139,-1.02719300723155,0.0735039663267256,0.0830108593026683
