"","ESR1","PGR","ERBB2_Copy.number"
"MDA-MB-330",1,0.0419492231184715,1
"HCC1500",0.651948129915351,0.136959573607443,0
"HCC1428",0.4019631386204,0.159040616746377,0.0714285714285714
"MCF7",0.353334934261872,0.0670045446974564,0.0714285714285714
"T47D",0.339827099717836,1,0.214285714285714
"EFM-19",0.329260971363391,0.218050300996978,0.214285714285714
"MDA-MB-361",0.246232815032719,0.0486472981654651,0.571428571428571
"ZR-75-30",0.202017169958576,0.0033192947390963,0.928571428571429
"BT-483",0.182956114546437,0.00635305874794775,0.214285714285714
"CAMA-1",0.170618958996218,0.0977942751088586,0.0714285714285714
"BT-474",0.128354445578436,0.587955362029172,0.928571428571429
"HCC1419",0.11148466110344,7.13826825612107e-05,0.928571428571429
"MDA-MB-175-VII",0.0806567809329411,0.000142765365122421,0.142857142857143
"MDA-MB-415",0.0701807048087891,0.00830418540462084,0.0714285714285714
"UACC-812",0.0567178963799003,0.0325148119066314,0.785714285714286
"EFM-192A",0.0453863240679594,0.00107074023841816,0.928571428571429
"HCC1143",0.0311880890916732,4.75884550408071e-05,0.214285714285714
"HCC1806",0.03081287146545,1.18971137602018e-05,0.0714285714285714
"BT-20",0.030167497148346,2.37942275204036e-05,0.0714285714285714
"HCC1937",0.0290268355646275,0,0.214285714285714
"COLO-824",0.0207720477877169,0.000190353820163228,0.0714285714285714
"UACC-893",0.0205619259170319,2.37942275204036e-05,0.928571428571429
"HCC1954",0.0176802545476376,0,0.928571428571429
"JIMT-1",0.0174701326769526,0,0.785714285714286
"HDQ-P1",0.0172900282163655,2.37942275204036e-05,0.214285714285714
"HCC1599",0.0144984090772648,0.000261736502724439,0.214285714285714
"HCC70",0.0120369814492406,0.000118971137602018,0.142857142857143
"HCC1187",0.0119019031038002,0.000844695076974326,0.0714285714285714
"MFM-223",0.0104160413039563,0.000856592190734528,0.0714285714285714
"MDA-MB-468",0.00804466590622561,2.37942275204036e-05,0.0714285714285714
"CAL-85-1",0.00720417842348562,4.75884550408071e-05,0.142857142857143
"CAL-120",0.00429248964399352,0.000214148047683632,0.142857142857143
"AU565",0.00294170618958996,0,0.928571428571429
"OCUB-M",0.00240139280782854,0.00418778404359102,0.785714285714286
"HCC2218",0.00207120129675212,7.13826825612107e-05,0.928571428571429
"CAL-51",0.00198114906645855,4.75884550408071e-05,0.0714285714285714
"HCC202",0.00195113165636069,9.51769100816142e-05,0.714285714285714
"MDA-MB-157",0.00102059194332713,0.00180836129155067,0.0714285714285714
"MDA-MB-231",0.000660383022152849,4.75884550408071e-05,0.142857142857143
"DU-4475",0.000570330791859278,0,0.214285714285714
"Hs-578-T",0.000360208921174281,0,0.0714285714285714
"MDA-MB-436",0.000330191511076424,0.000142765365122421,0.0714285714285714
"HCC1569",0.000240139280782854,0,0.857142857142857
"HCC38",0.000240139280782854,0.00882765841006972,0.0714285714285714
"HCC1395",0.000180104460587141,0,0.0714285714285714
"HCC2157",0.000120069640391427,2.37942275204036e-05,0.142857142857143
"EVSA-T",9.00522302935703e-05,0.339424655578557,0.142857142857143
"BT-549",6.00348201957135e-05,2.37942275204036e-05,0.0714285714285714
"CAL-148",6.00348201957135e-05,2.37942275204036e-05,0.0714285714285714
"MDA-MB-453",3.00174100978568e-05,0.000214148047683632,0.5
"MRK-nu-1",0,0,0.142857142857143
