"","EGFR","Hypoxia","JAK.STAT","MAPK","NFkB","PI3K","TGFb","TNFa","Trail","VEGF","p53"
"910692",2.25019780667554,0.513883435908967,1.85022994859261,2.57795628455334,0.494612335486631,-0.231189652428799,-1.17792353823969,1.03052209068425,0.821287032924975,-1.29494025531214,0.536883603387947
"910937",0.00414036351142352,1.95945525159511,-0.516530604126379,-0.827041961775913,-0.438134299226866,-0.119911923253838,0.111147282160143,-0.18429794007706,-1.57792970413029,-1.76995094700901,-0.90762045773451
"1297438",-0.232006089876574,-1.48347383369519,-0.61094789676796,0.426059969096065,-0.639741945401193,0.396307428738817,-0.525406986233977,-0.989906495249646,-0.417155659798707,-0.384003351520426,-0.531231941342308
"687980",-0.631908640693168,0.625093033357909,-0.696610284617338,-0.255565006034093,-0.649606510284247,0.611650499602554,-0.737799229397173,-0.8856443916479,-0.429430064405281,0.491129083716049,-1.5162817010484
"1322212",0.0688737056387569,0.0814101741154785,0.00168396391699786,-0.18560511915971,-0.405984661955177,1.52677756880375,0.7364251111856,-0.462736996581798,1.672791296112,-1.21731941341923,-0.113025970630408
"906808",-0.791902143867798,0.351535844770544,-0.691586716537369,-0.549640033279009,-0.560941585280275,-0.384663919754297,-0.658868302809453,-0.391978683222622,-0.663002576225355,0.935927327391853,-0.68578461742058
"1297439",-0.368954684193284,0.0159310962978166,0.171901669920526,-0.289882943542509,0.231103083402638,-0.588957648043324,-1.46853985481598,1.35624387666474,0.469455931184016,-0.36213488127309,0.0851503155708006
"753547",-0.853398012554665,1.15343211461427,-0.521388020708565,-1.45438525035516,-0.393883770964222,0.160053479775264,0.719964015007739,-0.551123752881018,-0.47157696480499,-1.49775242409984,-0.172388819727739
"687983",-0.159820874075989,-1.42736142059658,-0.071634354300538,0.427829813277046,-0.776627085169938,0.00218788501375219,-1.61165032582195,-0.108381973087648,0.273421088855571,0.814055530034432,-0.733138786207048
"687985",-0.495624961865864,0.190670319433473,0.340682705743354,0.332812411822137,-0.297319279697429,-0.242507877352871,-0.835718114020559,-0.38087034641752,-0.787690837070429,-0.701651320818651,-0.262958012635648
"907295",1.62241382933091,0.928727594900401,0.129576108898874,0.11023565143792,3.11118067425406,-1.32142178408869,-0.547672143857935,3.25264893271735,1.22463449827101,-0.446075212705823,0.653559150640738
"1303901",2.09122223499687,0.880190445567697,2.57330427297405,1.00830785400224,2.85452688350094,0.152934210410791,1.3292847590548,2.59746055268103,1.44171715413584,1.75621553469538,2.48985315336486
"753564",-0.39336092422835,-0.603548554090823,-0.643576675174828,-0.120797226756974,-0.196293049551966,-0.088913980210501,-0.104735287837637,-0.306298820292867,0.113867836219643,-0.549028972888058,-0.293139127492917
"753565",-0.930864396063155,0.0632098807287379,-0.60353018787631,-0.832806150485753,-0.0354250092006805,-0.47324336735216,-0.0541328499756377,-0.530581485004627,-1.64996548038171,-0.283476318324846,-1.18401286466127
"753582",-0.41092254810259,-1.19946732595223,-0.689589193436087,-0.436606046809383,-0.529018184218221,1.8600492896886,1.21009691784747,-0.760241031251383,-0.69089545856671,0.0956273525707763,-1.0649546573832
"753588",-0.877866455235604,0.496711682695218,-0.596419120070312,-0.973996467034348,-0.575701193736246,0.785232241851535,1.22645631593985,-0.367954316597335,-0.440465751120499,-0.256752070986965,-0.173486882042187
"713899",0.258418567228883,-1.11145954592584,-0.593995139371805,-0.144150780488435,-0.772049152222353,2.69269922242069,1.02443257188123,-0.539156605979508,0.904842581414896,0.548463757217679,-0.261950698951603
"713878",-0.677263486409787,-1.17350437604139,-0.871720498892216,-0.714459799342164,-0.633731047274684,0.452426908206837,0.156025074329326,-0.839033429784786,-1.28633596097363,0.549728101341699,-1.49598995537344
"753589",-0.702974252768969,1.19861330334992,0.129223936525444,-1.25934945297654,-0.52451159616077,-0.871004249824434,0.452348554823106,-0.385949856874329,-0.498069653359483,-0.157237037985214,0.550228318890895
"753594",-0.576124081039964,0.954898389760481,-0.402387127707498,-0.937018407722908,-0.576758659430721,-0.566815417499083,0.921234055699312,-0.62903944520912,-1.49603604349571,-0.204088531919903,0.722549684808432
"687995",-0.125608283974914,-0.166830071227087,0.520228272619102,-0.086288163435534,0.362455383184438,-1.11083635246164,0.356224644522938,0.23130094327125,-1.03559297156971,-1.11455344621153,-0.264638894692753
"687997",-0.780742742249478,0.82170681389019,-0.863724446142257,-0.287855737814476,-0.355264006488345,0.708465378125026,-0.349654331311349,-0.841624423481432,-1.95865232531927,0.273872686989232,-0.821320613516829
"908468",-0.4863091976826,-1.18506087061607,-0.360068270119341,-0.746600917584039,-0.36756493795104,-0.173272246446018,1.3345220363359,-0.535280594743044,0.273847432421994,-0.443091870241033,0.0104179757760126
"753597",2.09122223499687,0.880190445567697,2.57330427297405,1.00830785400224,2.85452688350094,0.152934210410791,1.3292847590548,2.59746055268103,1.44171715413584,1.75621553469538,2.48985315336486
"753599",-0.815191743667549,-0.870007803286202,-0.343434325586218,-0.690334591463805,-0.122865835934448,0.418913533080718,0.0129773012076641,-0.543439288529453,-1.55346983495939,-1.28914692967035,-0.0479090509713877
"1330964",-0.227152996991053,-0.564811975878967,-0.654317119309944,0.0529683502881579,-0.508680781283754,-0.106115811512971,0.471710468291001,-0.353860146608405,0.02955631864824,0.0472413832115061,1.8643604622072
"688001",-0.201906799080874,0.449338052342172,-0.219248794999889,-0.865634124491315,-0.1969883175537,0.191235040604707,0.610556740605031,0.197633167255363,-0.538799975146506,-0.360343616084801,-0.469995184932391
"908469",-0.453805494864758,0.747470144594448,0.143626378849028,0.0801749217317415,-0.492970779930027,0.53916266834416,-0.993248221857691,-0.67399917025876,1.21617301319407,0.00867040668145096,-0.381195455842153
"910899",0.140915151984543,0.710254659861494,-0.633828060748392,0.423852399924934,-0.416236274085663,-0.00539676918270131,-0.839040993957907,-0.127623949860181,0.120059695198521,-0.888031885123541,0.646919951234459
"1298349",1.77983499125936,-0.0934240281718465,0.440798460219643,0.455325250474604,0.137948427936356,-1.30042868544672,0.0240685231258547,0.2978662655964,1.23143527691793,0.860414789458496,2.13914972903452
"688006",0.501853885503778,-0.344979470342281,-0.436773341081231,0.582185008953024,-0.636571250287298,0.903220156705369,1.21191665487327,-0.595519370848427,-0.0350215015835736,-0.401783970446448,0.273571364765117
"1240182",-0.991338745434586,0.45140463864302,-0.367706648448381,-1.50082984543585,-0.405189456845374,-0.179367008271566,0.206099742164342,-0.203158941246796,-0.893289645097107,0.831563907244025,0.0275208859476628
"688007",-1.42412742266057,-1.76365171800568,-0.412313085480072,-1.05849578887,-0.612625552304563,0.32887774139836,0.177097178391111,-0.826219354212833,-0.363707531578567,0.440194044096183,-0.732736921099275
"1330972",-0.716722316401124,-0.811792641239211,0.0371770454763786,0.197218521256673,-0.0985835599172995,0.513044377200595,0.779852059440604,-0.387036766579568,0.222985813926625,0.379087006874735,-1.29143804791189
"1240186",-0.30327085393182,0.317618353032175,3.52884417892436,0.0474121481348836,0.489435144249822,0.174552682186773,0.726119631312474,0.741798681364279,2.12677928929088,0.701255915055172,0.237709447273827
"688010",-1.37614172326605,0.0651680299176647,-0.720067996497433,-0.630925934920943,-0.52761902770314,0.480440405900883,-0.790789758985053,-0.799011651264668,-0.691106163162127,0.84679994811459,-0.850151080675539
"688011",0.134027609612415,-0.330445906041898,0.616371353635799,-0.483625076717519,-0.0580112789875925,-0.870108328288378,-0.80844997890422,-0.0312521815776628,-0.729053672764312,-1.0814756299118,-0.18620844937772
"1330973",1.70571671839979,-0.355666220566995,-0.327932273348125,0.951084852011951,1.58359718854472,1.25183797906496,1.17277471584951,1.56036080345484,0.549097034496266,0.878121880269431,0.576847904065961
"908480",2.09122223499687,0.880190445567697,2.57330427297405,1.00830785400224,2.85452688350094,0.152934210410791,1.3292847590548,2.59746055268103,1.44171715413584,1.75621553469538,2.48985315336486
"688013",-0.708513260663286,-0.764579339383549,-0.776896414033434,-0.459197882595195,-0.629920364475497,-0.32657332820351,-0.664394516209133,-0.709680237914676,-0.313261814204051,0.202233799218698,-0.76396777052252
"1240189",-1.13165314711717,-1.41739911955248,-0.388071155788732,-1.26096061527587,-0.046049390867122,1.22469618019484,-1.40818362720333,-0.539686657101041,-1.39950691220962,-2.25116147114461,-0.875695450622204
"688014",-1.51444978225898,-0.493517201015286,-0.874302655434883,-0.611522530304784,-0.60282247269,-0.711219197730136,-0.440412265445638,-0.681415780808636,0.0475461915784731,1.30526500033789,-0.846083736109261
"688015",2.09122223499687,0.880190445567697,2.57330427297405,1.00830785400224,2.85452688350094,0.152934210410791,1.3292847590548,2.59746055268103,1.44171715413584,1.75621553469538,2.48985315336486
"908481",1.00174381391661,-0.388370715569982,0.541585833043311,0.299888678468482,-0.147359588426904,-1.24288252407219,0.356310871980894,0.308032576318165,0.808533671429462,2.09686817214624,0.780344693532252
"688018",-0.375157809875454,-0.645060642933888,0.0749015512915567,-0.503688928503942,-0.541764075469712,-0.0592685534116387,-0.460386609395252,-0.648641290356543,0.319886935385244,-0.476506837596699,-0.221294333711249
"924241",-0.0604526387980987,1.92608227000137,-0.48048700679213,-0.284155233458301,-0.549532414217975,0.722963417940264,-0.0652522531063619,-0.12849978147348,-0.488861779736763,0.733854566871318,-0.114862120445151
"688021",-0.771846452113399,-0.737972430699916,-0.429016459862061,-0.128638364258586,-0.158975277821166,-0.47276209059576,0.184773330458444,-0.519551756860504,-0.291728110716436,1.38499123945604,-0.714627686440352
"688022",-0.402996880612615,-0.886944944791383,-0.652202721642372,-0.112517175509449,-0.494812043313525,0.889299823599536,0.43281341345589,-0.636011368334996,-1.11285138628416,-0.272900849886677,-0.651792205919805
"688023",1.36353732790533,0.2042869362276,-0.762526866134369,2.09480565261435,-0.155634270364952,2.41311433811794,1.48846658564472,-0.313725760260529,0.675444269414622,0.0875873872059537,1.10798997543312
"753605",-0.357345382910248,0.255523457731465,-0.30893193430855,-0.429980794052288,-0.370840325176003,-0.813208743029958,-2.68103518371869,-0.310935760347248,1.07616531016795,-0.481103957343826,0.53441537811005
"908483",0.113947068511494,1.81981790495717,-0.963933147659896,-0.972992549337724,-0.687733237308686,-0.95477515379597,-1.54576690846626,-0.720026147708525,-1.12110172866907,-0.478394728162206,-1.30718802337809
"688025",-0.559885976904417,-0.502150647476592,0.0206094441886643,-0.636669927769736,-0.337376196144421,0.475205328292131,-0.725189525223659,-0.573949089997908,-0.0604139479982962,-0.447511649063313,-0.650376283702276
"688026",-0.625088357618209,-1.00242323113094,-0.565972219171588,-0.516618876214459,-0.447413308427045,-0.766635999907449,0.387942932619621,-0.604163177315144,2.02723746174577,0.751194288452487,-0.318823959043638
"688027",0.00765482860988779,-0.975637758609543,-0.787945374898429,-0.262224016087977,-0.365566871690512,1.81450348658174,-0.104342846632251,0.09614455647888,-0.849264049577953,-0.693277239424013,0.273878381962671
"909194",-0.133552322688791,-0.6219527141406,-0.300475493338984,0.291307089174433,-0.67290631802372,0.655604301483599,0.460087295660909,-0.614492607609111,0.470205760648291,-1.32338408898563,-0.605967687081615
"688031",-0.565216672245094,0.245343963023694,-0.936384929020512,-0.601130920641799,-0.641887090476884,-0.544787506146109,-1.64354151726273,-0.583284035644492,-0.884538268757312,-1.37426998706894,-1.44485735181406
"1240192",-0.0576947051640193,-0.663724088351323,0.321565390900446,0.255239307258903,-0.0559291268362521,-1.83988111365812,0.863264450847304,0.115045818292351,0.790787066897085,-0.50563183186997,0.318950686762381
"1240193",0.252263597120629,-0.964237608581661,-0.899419110507243,1.58227365187732,-0.692484969779178,1.06902210735563,0.156869320916657,-0.375782506975289,-0.975589579522179,0.349172144404288,-0.96191823522925
"713885",-0.352232861817084,-0.551786624660147,-0.417011111100142,-0.402262945716693,-0.211788179529147,0.0852541078810455,-1.58715757233383,-0.4680468598343,-0.646932290716667,-1.18702944677056,0.170821663153671
"753610",-0.289699109966047,-0.992159246315174,0.508054030968684,0.282314481075846,2.19102433893772,-0.171953269287291,-2.20452342928485,1.17086902948834,0.63885828522015,0.745444246426062,0.813132776346909
"713880",0.430640407386856,-0.517767298531492,0.0612022984465393,1.2327164037528,-0.480227086006857,-1.74156698618633,-0.186360090986986,-0.402045307606362,0.471890287890267,-1.89235346093155,1.05454883934685
"724872",1.79967658193648,1.33874654830374,0.0564766727496095,1.98254368864392,-0.00952927628341802,-2.71966491111321,0.716848234089068,0.380287821519075,-0.56125927497569,0.0999919718445191,0.168772101855927
"1299062",2.40182276124324,0.548381369393308,1.9789029705673,4.27615917662759,1.23358369134298,-1.82050717511535,-0.752625170669207,1.9249727023679,1.08445379574596,1.76750853533133,-0.590677304117091
"753551",-0.291472723829351,3.65569232770365,0.626047473667375,-0.481139542241898,-0.147597828966942,-1.13869284613216,1.96623636707825,0.00759005932190617,1.48444512713828,0.835237023457033,1.00255443624095
