"","EGFR","Hypoxia","JAK.STAT","MAPK","NFkB","PI3K","TGFb","TNFa","Trail","VEGF","p53"
"EGFR",0.476,0.005,0.163,0.023,0.057,0.299,0.542,0.576,0.446,0.522,0.046
"MTORC1",0.012,0.224,0.313,0,0.491,0.21,0.24,0.09,0.222,0.07,0.261
"PDGFR",0.019,0.302,0.322,0.157,0.537,0.264,0.47,0.423,0.135,0.482,0.366
"KIT",0.016,0.223,0.344,0.076,0.216,0.196,0.339,0.253,0.216,0.172,0.061
"VEGFR",0.074,0.653,0.157,0.38,0.308,0.107,0.162,0.105,0.254,0.253,0.426
"FLT3",0.314,0.046,0.162,0.57,0.111,0.622,0.328,0.58,0.007,0.646,0.563
"RET",0.403,0.002,0.169,0.013,0.022,0.229,0.284,0.315,0.37,0.202,0.406
"CSF1R",0.042,0.472,0.574,0.01,0.203,0.332,0.149,0.481,0.033,0.055,0.009
"MET",0.528,0.03,0.579,0.042,0.045,0.175,0.119,0.023,0.545,0.385,0.287
"Proteasome",0.177,0.424,0.094,0.506,0.127,0.075,0.035,0.399,0.245,0.312,0.433
"Microtubule stabiliser",0.106,0.344,0.298,0.036,0.299,0.363,0.194,0.079,0.3,0.134,0.563
"SMO",0.133,0.078,0.323,0.038,0,0.432,0.033,0,0.171,0.447,0.114
"BRAF",0.099,0.216,0.141,0.045,0.663,0.218,0.261,0.093,0.111,0.319,0.526
"AURKA",0.351,0.294,0.09,0.108,0,0.1,0.371,0,0.007,0.399,0.131
"AURKB",0.361,0.53,0.254,0.445,0.075,0.364,0.511,0.026,0.002,0.035,0.088
"AURKC",0.507,0.211,0.46,0.433,0.001,0.267,0.407,0.001,0.02,0.01,0.29
"ABL",0.009,0.192,0.523,0.314,0.169,0.524,0.224,0.307,0,0.192,0.264
"ALK",0.004,0.018,0.191,0.023,0.384,0.069,0.089,0.164,0.39,0.04,0.239
"SRC",0.088,0.002,0.067,0.469,0.311,0.057,0.16,0.048,0.443,0.438,0.136
"CDK1",0,0.216,0.14,0,0.086,0.516,0.571,0.248,0.088,0.104,0.106
"CDK2",0.001,0.277,0.009,0.006,0.001,0.019,0.308,0.209,0,0.124,0.073
"CDK5",0.561,0.61,0.084,0.092,0.507,0.258,0.308,0.394,0.095,0.331,0.214
"CDK7",0.228,0.213,0.306,0.125,0.197,0.47,0.335,0.119,0.24,0.079,0.08
"CDK9",0.251,0.614,0.594,0.251,0.115,0.329,0.584,0.569,0.245,0.629,0.133
"PKC",0.187,0.179,0.051,0.395,0.022,0.32,0.152,0.007,0.029,0.106,0.154
"CDK4",0.337,0.241,0.065,0.374,0.006,0.278,0.248,0.002,0.121,0.038,0.383
"LCK",0.366,0.437,0.114,0.33,0.293,0.269,0.392,0.159,0.029,0.188,0.085
"BMX",0.025,0.27,0.035,0.251,0.009,0.294,0.056,0.138,0.175,0.512,0.194
"PLK1",0.092,0.344,0.282,0.2,0.378,0.309,0.411,0.184,0.258,0.205,0.091
"PLK3",0.222,0.197,0.032,0.123,0.004,0.557,0.706,0.004,0.281,0.137,0.149
"IGF1R",0.243,0.414,0.189,0.496,0.033,0.385,0.431,0.259,0.257,0.419,0.233
"IR",0,0.348,0.184,0.001,0.161,0.459,0.246,0.079,0.402,0.024,0.128
"MTOR",0.313,0.15,0.274,0.037,0.028,0.443,0.024,0.005,0.152,0.252,0.094
"AKT1",0.007,0.145,0.36,0,0.001,0.108,0.177,0.002,0.003,0.098,0.369
"AKT2",0.128,0.218,0.163,0.416,0.136,0.131,0.382,0.01,0.252,0.177,0.237
"AKT3",0.278,0.113,0.031,0.075,0.443,0.017,0.357,0.064,0.225,0.068,0.125
"HDAC1",0.015,0.012,0.003,0.103,0.016,0.396,0.323,0.021,0.541,0.481,0.44
"IKK",0.005,0.022,0.391,0.418,0.001,0.347,0.299,0.017,0.217,0.45,0.183
"PI3Kbeta",0.034,0.039,0.103,0,0,0.383,0.078,0,0.004,0.304,0.268
"ERK5",0.271,0.084,0.167,0.018,0,0.204,0.386,0.384,0.313,0.503,0.42
"ERBB2",0.195,0.019,0.523,0.001,0.018,0.491,0.159,0.427,0.362,0.424,0.214
"ROCK1",0.105,0.048,0.057,0.593,0.077,0.408,0.237,0.52,0.543,0.133,0.106
"ROCK2",0.244,0.662,0.521,0.659,0.168,0.662,0.168,0.271,0.027,0.029,0.479
"DNA crosslinker",0.001,0.476,0.324,0.016,0.309,0.055,0.016,0.093,0.288,0.354,0.119
"Microtubule destabiliser",0,0.268,0.453,0.004,0.153,0.304,0.38,0.046,0.097,0.445,0.334
"AR",0.411,0.064,0.162,0.25,0.024,0.127,0.003,0.041,0.147,0.413,0.097
"ATM",0,0.112,0.457,0.003,0.08,0.138,0.176,0.158,0.257,0.323,0.171
"FLT1",0.542,0.061,0.272,0.235,0.129,0.25,0.188,0.161,0.255,0.362,0.278
"GSK3A",0.001,0.03,0.511,0.002,0.092,0.1,0.404,0.028,0.193,0.255,0.374
"GSK3B",0.013,0.204,0.26,0.141,0.08,0.388,0.125,0.347,0.389,0.35,0.041
"PDGFRA",0.014,0.024,0.1,0.065,0.484,0.484,0.375,0.323,0.642,0.448,0.015
"VEGFR2",0.006,0.011,0.178,0.001,0,0.084,0.155,0.03,0.1,0.07,0.109
"FGFR1",0.014,0.009,0.049,0.002,0.013,0.385,0.293,0.236,0.132,0.255,0.202
"TIE2",0.13,0.027,0.33,0.21,0.004,0.257,0.355,0.186,0.355,0.214,0.024
"JNK2",0.072,0.484,0.239,0.191,0,0.454,0.342,0.021,0.11,0.277,0.307
"BRD2",0.046,0.395,0.211,0.251,0.331,0.163,0.419,0.12,0.396,0.112,0.217
"BRD3",0.036,0.034,0.088,0.379,0.016,0.059,0.314,0,0.11,0.162,0.381
"BRD4",0.044,0,0.219,0.183,0.171,0.348,0.362,0.003,0.09,0.106,0.256
"BRDT",0.448,0.477,0.389,0.179,0.061,0.361,0.089,0.011,0.016,0.14,0.16
"FNTA",0.474,0.029,0.108,0.117,0,0.361,0.201,0,0.285,0.413,0.029
"PDK1 (PDPK1)",0.072,0.427,0.573,0.548,0.108,0.212,0.163,0.59,0.435,0.031,0.017
"BCL2",0.253,0.085,0.077,0.116,0,0.145,0.016,0.035,0.064,0.371,0.148
"BCL-XL",0.249,0.004,0.12,0.472,0.13,0.014,0.056,0.017,0.053,0.332,0.532
"BCL-W",0.267,0.341,0.488,0.078,0,0.193,0.029,0.001,0.44,0.486,0.017
"MCL1",0.006,0.486,0.3,0.013,0.142,0.118,0.112,0.03,0.219,0.154,0.304
"dsDNA break",0,0.293,0.42,0,0,0.413,0.408,0,0.077,0.178,0.393
"BTK",0.355,0.409,0.099,0.089,0.037,0.29,0.037,0.267,0.031,0.112,0.171
"HSP90",0.032,0.575,0.21,0.002,0.019,0.366,0.008,0.008,0.33,0.153,0.329
"PDGFRB",0.004,0.078,0.077,0.002,0.031,0.419,0.179,0.158,0.072,0.106,0.473
"IKK2",0.088,0.257,0.133,0.428,0.22,0.434,0.073,0.156,0.08,0.488,0.02
"Amyloid beta20",0.012,0.221,0.456,0.017,0.428,0.32,0.548,0.41,0.409,0.028,0.324
"Amyloid beta40",0.009,0.452,0.168,0.069,0.143,0.352,0.173,0.182,0.402,0.248,0.229
"JAK2",0.422,0.229,0.044,0.183,0.318,0.186,0.177,0.089,0.034,0.184,0.276
"JNK1",0.003,0.22,0.462,0.177,0,0.292,0.094,0.054,0.424,0.262,0.056
"CDK6",0.032,0.038,0.554,0.168,0.018,0.108,0.021,0.21,0.66,0.625,0.031
"PI3K (class 1)",0.097,0.085,0.065,0,0.088,0.307,0.118,0.007,0.05,0.371,0.206
"PI3Kgamma",0.21,0.45,0.351,0.474,0.299,0.341,0.198,0.267,0.063,0.239,0.183
"RSK",0.082,0.19,0.117,0.003,0.091,0.462,0.028,0.006,0.395,0.223,0.385
"G9a and GLP",0,0.002,0.047,0,0.561,0.425,0.463,0.094,0.305,0.081,0.192
"FLT4",0,0.378,0.261,0,0.023,0.297,0.026,0.268,0.235,0.211,0.374
"NTRK2",0.045,0.357,0.08,0.016,0.37,0.17,0.268,0.297,0.495,0.054,0.321
"LTK",0.056,0.007,0.077,0.233,0.279,0.295,0.272,0.307,0.256,0.24,0.106
"TAK1",0,0.074,0.255,0,0.179,0.387,0.182,0.396,0.292,0.499,0.585
"ERK2",0.002,0.501,0.049,0.367,0.426,0.289,0.208,0.007,0.544,0.145,0.178
"HDAC6",0.36,0.005,0.152,0.454,0.007,0.295,0.115,0.205,0.184,0.025,0.129
"VEGFR1",0.344,0.14,0.193,0.031,0.192,0.545,0.272,0.233,0.037,0.234,0.365
"VEGFR3",0.078,0.06,0.078,0.138,0,0.363,0.084,0.003,0.267,0.045,0.168
"MTORC2",0.018,0.37,0.451,0.051,0.033,0.546,0.419,0.137,0.191,0.115,0.332
"PIM3",0.003,0.292,0.069,0.007,0.188,0.033,0.419,0.289,0.052,0.517,0.148
"ALK5",0,0.075,0.202,0.324,0.506,0.37,0.16,0.022,0.255,0.229,0.17
"TNKS1",0,0.517,0.029,0,0,0.272,0.045,0,0.312,0.14,0.249
"TNKS2",0.016,0.453,0.136,0.087,0.196,0.108,0.085,0.277,0.319,0.365,0.358
"TOP1",0.232,0.196,0.32,0.23,0,0.141,0.196,0.001,0.006,0.566,0.197
"Antimetabolite",0,0.221,0.314,0.007,0.226,0.38,0.37,0.036,0.38,0.043,0.15
"MEK1",0,0.54,0.652,0.151,0.774,0.535,0.002,0.004,0.527,0.639,0
"MEK2",0.246,0.007,0.09,0.008,0.119,0.58,0.145,0.025,0.356,0.021,0.005
"PARP1",0.021,0.137,0.274,0.142,0.04,0.381,0.195,0.024,0.127,0.065,0.366
"PARP2",0.124,0.248,0.25,0.078,0.004,0.439,0.398,0.065,0.008,0.319,0.142
"CHEK1",0,0.14,0.094,0.002,0.099,0.327,0.465,0.004,0.065,0.028,0.362
"NTRK1",0.001,0.178,0.33,0.437,0.096,0.06,0.193,0.438,0.179,0.123,0.275
"p38",0.363,0.251,0.42,0.014,0.277,0.628,0.054,0.314,0.012,0.12,0.313
"MDM2",0.05,0.11,0.127,0.514,0.003,0.189,0.109,0.189,0.002,0.169,0.149
