"","EGFR","Hypoxia","JAK.STAT","MAPK","NFkB","PI3K","TGFb","TNFa","Trail","VEGF","p53"
"EGFR",1,0.166093253968254,1,0.382014484126984,0.473365773809524,1,1,1,1,1,0.473365773809524
"MTORC1",0.199311904761905,0.963340873015873,1,0,1,0.963340873015873,0.963340873015873,0.747419642857143,0.963340873015873,0.747419642857143,0.963340873015873
"PDGFR",0.631154365079365,1,1,1,1,1,1,1,1,1,1
"KIT",0.531498412698413,0.925969890873016,1,0.841539153439153,0.925969890873016,0.925969890873016,1,0.933813183421517,0.925969890873016,0.925969890873016,0.841539153439153
"VEGFR",1,1,1,1,1,1,1,1,1,1,1
"FLT3",1,0.764028968253968,1,1,1,1,1,1,0.232530555555556,1,1
"RET",1,0.0664373015873016,1,0.21592123015873,0.243603439153439,1,1,1,1,1,1
"CSF1R",0.348795833333333,1,1,0.166093253968254,0.963340873015873,1,0.824929828042328,1,0.348795833333333,0.365405158730159,0.166093253968254
"MET",1,0.373709821428571,1,0.373709821428571,0.373709821428571,0.968877314814815,0.790603888888889,0.373709821428571,1,1,1
"Proteasome",1,1,1,1,1,1,1,1,1,1,1
"Microtubule stabiliser",1,1,1,1,1,1,1,1,1,1,1
"SMO",0.631154365079365,0.518210952380952,1,0.315577182539683,0,1,0.315577182539683,0,0.710048660714286,1,0.631154365079365
"BRAF",0.92181755952381,1,0.936765952380952,0.92181755952381,1,1,1,0.92181755952381,0.92181755952381,1,1
"AURKA",1,1,0.597935714285714,0.597935714285714,0,0.597935714285714,1,0,0.0775101851851852,1,0.621663321995465
"AURKB",1,1,1,1,0.584648253968254,1,1,0.387550925925926,0.0664373015873016,0.387550925925926,0.584648253968254
"AURKC",1,1,1,1,0.0166093253968254,1,1,0.0166093253968254,0.166093253968254,0.110728835978836,1
"ABL",0.149483928571429,1,1,1,1,1,1,1,0,1,1
"ALK",0.132874603174603,0.254676322751323,0.793095287698413,0.254676322751323,1,0.458417380952381,0.49274332010582,0.778265532879819,1,0.332186507936508,0.882139726631393
"SRC",0.584648253968254,0.0664373015873016,0.556412400793651,1,1,0.556412400793651,0.759283446712018,0.556412400793651,1,1,0.752956084656085
"CDK1",0,0.896903571428571,0.664373015873016,0,0.586862830687831,1,1,0.915358377425044,0.586862830687831,0.586862830687831,0.586862830687831
"CDK2",0.0110728835978836,0.920156626984127,0.0597935714285714,0.0498279761904762,0.0110728835978836,0.105192394179894,0.930122222222222,0.771410890652557,0,0.514889087301587,0.346423072562358
"CDK5",1,1,1,1,1,1,1,1,1,1,1
"CDK7",0.996559523809524,0.996559523809524,1,0.996559523809524,0.996559523809524,1,1,0.996559523809524,0.996559523809524,0.996559523809524,0.996559523809524
"CDK9",1,1,1,1,1,1,1,1,1,1,1
"PKC",0.690209744268078,0.690209744268078,0.423537797619048,1,0.321113624338624,1,0.690209744268078,0.232530555555556,0.321113624338624,0.690209744268078,0.690209744268078
"CDK4",1,1,0.539803075396825,1,0.0996559523809524,1,1,0.0664373015873016,0.803891349206349,0.420769576719577,1
"LCK",1,1,1,1,1,1,1,1,0.963340873015873,1,1
"BMX",0.387550925925926,0.976628333333333,0.387550925925926,0.976628333333333,0.298967857142857,0.976628333333333,0.465061111111111,0.916834761904762,0.920631179138322,1,0.920631179138322
"PLK1",1,1,1,1,1,1,1,1,1,1,1
"PLK3",0.92181755952381,0.92181755952381,0.354332275132275,0.824929828042328,0.0664373015873016,1,1,0.0664373015873016,1,0.824929828042328,0.824929828042328
"IGF1R",1,1,1,1,1,1,1,1,1,1,1
"IR",0,1,0.873175963718821,0.0166093253968254,0.873175963718821,1,1,0.656068353174603,1,0.265749206349206,0.85039746031746
"MTOR",1,0.721319274376417,1,0.30727251984127,0.30727251984127,1,0.30727251984127,0.166093253968254,0.721319274376417,1,0.624510634920635
"AKT1",0.0465061111111111,0.602088045634921,1,0,0.0166093253968254,0.512516326530612,0.653300132275132,0.0221457671957672,0.0249139880952381,0.512516326530612,1
"AKT2",0.930122222222222,0.930122222222222,0.930122222222222,1,0.930122222222222,0.930122222222222,1,0.332186507936508,0.930122222222222,0.930122222222222,0.930122222222222
"AKT3",1,0.593190192743764,0.498279761904762,0.498279761904762,1,0.498279761904762,1,0.498279761904762,0.934274553571429,0.498279761904762,0.593190192743764
"HDAC1",0.132874603174603,0.132874603174603,0.0996559523809524,0.570253505291005,0.132874603174603,1,1,0.139518333333333,1,1,1
"IKK",0.083046626984127,0.182702579365079,1,1,0.0332186507936508,1,1,0.182702579365079,1,1,1
"PI3Kbeta",0.21592123015873,0.21592123015873,0.427690128968254,0,0,1,0.370150680272109,0,0.0332186507936508,1,0.989177601410935
"ERK5",1,0.930122222222222,1,0.298967857142857,0,1,1,1,1,1,1
"ERBB2",1,0.210384788359788,1,0.0332186507936508,0.210384788359788,1,1,1,1,1,1
"ROCK1",0.704235396825397,0.704235396825397,0.704235396825397,1,0.704235396825397,1,1,1,1,0.736346759259259,0.704235396825397
"ROCK2",1,1,1,1,1,1,1,1,0.481670436507937,0.481670436507937,1
"DNA crosslinker",0.0332186507936508,1,1,0.177166137566138,1,0.456756448412698,0.177166137566138,0.617866904761905,1,1,0.658836574074074
"Microtubule destabiliser",0,1,1,0.0664373015873016,1,1,1,0.509352645502645,0.805552281746032,1,1
"AR",1,0.531498412698413,0.672677678571429,0.922740299823633,0.39862380952381,0.672677678571429,0.0996559523809524,0.453988227513228,0.672677678571429,1,0.644441825396825
"ATM",0,0.730810317460317,1,0.0498279761904762,0.730810317460317,0.730810317460317,0.730810317460317,0.730810317460317,0.948577028218695,1,0.730810317460317
"FLT1",1,1,1,1,1,1,1,1,1,1,1
"GSK3A",0.0332186507936508,0.249139880952381,1,0.0332186507936508,0.55364417989418,0.55364417989418,1,0.249139880952381,0.915885657596372,1,1
"GSK3B",0.43184246031746,1,1,0.936765952380952,0.885830687830688,1,0.936765952380952,1,1,1,0.680982341269841
"PDGFRA",0.249139880952381,0.265749206349206,0.664373015873016,0.539803075396825,1,1,1,1,1,1,0.249139880952381
"VEGFR2",0.0664373015873016,0.0913512896825397,0.537538167388167,0.0166093253968254,0,0.39862380952381,0.514889087301587,0.199311904761905,0.402314770723104,0.387550925925926,0.402314770723104
"FGFR1",0.116265277777778,0.116265277777778,0.325542777777778,0.0664373015873016,0.116265277777778,1,0.973306468253968,0.941195105820106,0.730810317460317,0.941195105820106,0.941195105820106
"TIE2",1,0.298967857142857,1,1,0.132874603174603,1,1,1,1,1,0.298967857142857
"JNK2",0.797247619047619,1,1,1,0,1,1,0.348795833333333,0.913512896825397,1,1
"BRD2",1,1,1,1,1,1,1,1,1,1,1
"BRD3",0.298967857142857,0.298967857142857,0.487206878306878,1,0.265749206349206,0.391980079365079,1,0,0.522007369614512,0.672677678571429,1
"BRD4",0.487206878306878,0,0.90936056547619,0.868430442176871,0.868430442176871,1,1,0.0498279761904762,0.704235396825397,0.704235396825397,0.9448860670194
"BRDT",1,1,1,0.84944835600907,0.6754458994709,1,0.73911498015873,0.265749206349206,0.265749206349206,0.84944835600907,0.84944835600907
"FNTA",1,0.240835218253968,0.647763690476191,0.647763690476191,0,1,0.953849829931973,0,1,1,0.240835218253968
"PDK1 (PDPK1)",0.797247619047619,1,1,1,0.896903571428571,1,1,1,1,0.514889087301587,0.514889087301587
"BCL2",0.840431865079365,0.470597552910053,0.470597552910053,0.546262257495591,0,0.546262257495591,0.265749206349206,0.387550925925926,0.470597552910053,1,0.546262257495591
"BCL-XL",1,0.132874603174603,0.616917800453515,1,0.616917800453515,0.188239021164021,0.372048888888889,0.188239021164021,0.372048888888889,1,1
"BCL-W",1,1,1,0.518210952380952,0,1,0.240835218253968,0.0166093253968254,1,1,0.188239021164021
"MCL1",0.199311904761905,1,1,0.21592123015873,0.730810317460317,0.730810317460317,0.730810317460317,0.332186507936508,0.90936056547619,0.730810317460317,1
"dsDNA break",0,1,1,0,0,1,1,0,0.511567222222222,0.98548664021164,1
"BTK",1,1,0.620081481481481,0.620081481481481,0.409696693121693,1,0.409696693121693,1,0.409696693121693,0.620081481481481,0.811484183673469
"HSP90",0.212599365079365,1,0.996559523809524,0.0664373015873016,0.157788591269841,1,0.0885830687830688,0.0885830687830688,1,0.847075595238095,1
"PDGFRB",0.0664373015873016,0.43184246031746,0.43184246031746,0.0664373015873016,0.343259391534392,1,0.660682054673721,0.656068353174603,0.43184246031746,0.503025283446712,1
"IKK2",0.730810317460317,1,0.863684920634921,1,1,1,0.730810317460317,0.863684920634921,0.730810317460317,1,0.664373015873016
"Amyloid beta20",0.282358531746032,1,1,0.282358531746032,1,1,1,1,1,0.310040740740741,1
"Amyloid beta40",0.298967857142857,1,1,1,1,1,1,1,1,1,1
"JAK2",1,0.950883878968254,0.730810317460317,0.882667006802721,1,0.882667006802721,0.882667006802721,0.882667006802721,0.730810317460317,0.882667006802721,1
"JNK1",0.0498279761904762,1,1,0.979950198412698,0,1,0.624510634920635,0.465061111111111,1,1,0.465061111111111
"CDK6",0.252461746031746,0.252461746031746,1,0.797247619047619,0.252461746031746,0.597935714285714,0.252461746031746,0.871989583333333,1,1,0.252461746031746
"PI3K (class 1)",0.460315589569161,0.460315589569161,0.460315589569161,0,0.460315589569161,1,0.489975099206349,0.116265277777778,0.460315589569161,1,0.760338007054674
"PI3Kgamma",1,1,1,1,1,1,1,1,1,1,1
"RSK",0.604579444444444,0.901649092970522,0.647763690476191,0.0996559523809524,0.604579444444444,1,0.310040740740741,0.0996559523809524,1,0.925969890873016,1
"G9a and GLP",0,0.0221457671957672,0.390319146825397,0,1,1,1,0.520425529100529,1,0.520425529100529,0.911140136054422
"FLT4",0,1,1,0,0.21592123015873,1,0.21592123015873,1,1,1,1
"NTRK2",0.597935714285714,1,0.664373015873016,0.531498412698413,1,1,1,1,1,0.597935714285714,1
"LTK",0.852612037037037,0.232530555555556,0.852612037037037,0.927102344877345,0.927102344877345,0.927102344877345,0.927102344877345,0.927102344877345,0.927102344877345,0.927102344877345,0.880294246031746
"TAK1",0,0.819393386243386,1,0,1,1,1,1,1,1,1
"ERK2",0.0664373015873016,1,0.542571296296296,1,1,1,1,0.116265277777778,1,1,1
"HDAC6",1,0.116265277777778,0.841539153439153,1,0.116265277777778,1,0.841539153439153,0.851227926587302,0.851227926587302,0.27682208994709,0.841539153439153
"VEGFR1",1,1,1,0.61454503968254,1,1,1,1,0.61454503968254,1,1
"VEGFR3",0.39862380952381,0.39862380952381,0.39862380952381,0.573021726190476,0,1,0.39862380952381,0.0498279761904762,0.886937976190476,0.39862380952381,0.620081481481482
"MTORC2",0.548107738095238,1,1,0.564717063492063,0.548107738095238,1,1,0.910191031746032,1,0.910191031746032,1
"PIM3",0.0996559523809524,1,0.458417380952381,0.116265277777778,0.892158049886621,0.365405158730159,1,1,0.43184246031746,1,0.819393386243386
"ALK5",0,0.83046626984127,1,1,1,1,1,0.365405158730159,1,1,1
"TNKS1",0,1,0.192668174603175,0,0,1,0.249139880952381,0,1,0.664373015873016,1
"TNKS2",0.531498412698413,1,0.903547301587302,0.896903571428571,1,0.896903571428571,0.896903571428571,1,1,1,1
"TOP1",0.856302998236332,0.856302998236332,1,0.856302998236332,0,0.856302998236332,0.856302998236332,0.0166093253968254,0.0664373015873016,1,0.856302998236332
"Antimetabolite",0,1,1,0.116265277777778,1,1,1,0.357100496031746,1,0.357100496031746,0.996559523809524
"MEK1",0,1,1,1,1,1,0.0221457671957672,0.0332186507936508,1,1,0
"MEK2",0.907976455026455,0.0885830687830688,0.498279761904762,0.0885830687830688,0.564717063492063,1,0.602088045634921,0.166093253968254,1,0.166093253968254,0.0885830687830688
"PARP1",0.39862380952381,0.673864058956916,1,0.673864058956916,0.442915343915344,1,0.809704613095238,0.39862380952381,0.673864058956916,0.539803075396825,1
"PARP2",0.786174735449735,1,1,0.647763690476191,0.132874603174603,1,1,0.647763690476191,0.132874603174603,1,0.786174735449735
"CHEK1",0,0.581326388888889,0.469806632653061,0.0332186507936508,0.469806632653061,1,1,0.0442915343915344,0.43184246031746,0.232530555555556,1
"NTRK1",0.0332186507936508,0.915885657596372,1,1,0.915885657596372,0.915885657596372,0.915885657596372,1,0.915885657596372,0.915885657596372,1
"p38",1,1,1,0.232530555555556,1,1,0.597935714285714,1,0.232530555555556,0.996559523809524,1
"MDM2",0.55364417989418,0.6278325,0.6278325,1,0.0498279761904762,0.6278325,0.6278325,0.6278325,0.0498279761904762,0.6278325,0.6278325
